IRF_5Mhz1.ptu	 	p62-80_5MHz_1_OTCSPC; OverallDecay	 	Fitted Curve	 	Residuals	 
Time[ns]	Intensity[Cnts]	Time[ns]	Intensity[Cnts]	Time[ns]	Intensity[Cnts]	Time[ns]	Resids.[StdDev.]
0	1	0.249999992929518	2	0.249999992929518	---	0.249999992929518	---
0.249999992929518	12	0.499999985859036	5	0.499999985859036	---	0.499999985859036	---
0.499999985859036	7	0.749999978788553	2	0.749999978788553	---	0.749999978788553	---
0.749999978788553	13	0.999999971718071	2	0.999999971718071	---	0.999999971718071	---
0.999999971718071	16	1.24999996464759	1	1.24999996464759	---	1.24999996464759	---
1.24999996464759	14	1.49999995757711	3	1.49999995757711	---	1.49999995757711	---
1.49999995757711	13	1.74999995050662	1	1.74999995050662	---	1.74999995050662	---
1.74999995050662	15	1.99999994343614	7	1.99999994343614	---	1.99999994343614	---
1.99999994343614	10	2.24999993636566	2	2.24999993636566	---	2.24999993636566	---
2.24999993636566	15	2.49999992929518	3	2.49999992929518	---	2.49999992929518	---
2.49999992929518	9	2.7499999222247	2	2.7499999222247	---	2.7499999222247	---
2.7499999222247	16	2.99999991515421	3	2.99999991515421	---	2.99999991515421	---
2.99999991515421	6	3.24999990808373	3	3.24999990808373	---	3.24999990808373	---
3.24999990808373	11	3.49999990101325	6	3.49999990101325	---	3.49999990101325	---
3.49999990101325	10	3.74999989394277	4	3.74999989394277	---	3.74999989394277	---
3.74999989394277	14	3.99999988687229	3	3.99999988687229	---	3.99999988687229	---
3.99999988687229	11	4.2499998798018	5	4.2499998798018	---	4.2499998798018	---
4.2499998798018	12	4.49999987273132	2	4.49999987273132	---	4.49999987273132	---
4.49999987273132	10	4.74999986566084	4	4.74999986566084	---	4.74999986566084	---
4.74999986566084	12	4.99999985859036	4	4.99999985859036	---	4.99999985859036	---
4.99999985859036	7	5.24999985151988	2	5.24999985151988	---	5.24999985151988	---
5.24999985151988	9	5.49999984444939	2	5.49999984444939	---	5.49999984444939	---
5.49999984444939	10	5.74999983737891	0	5.74999983737891	---	5.74999983737891	---
5.74999983737891	9	5.99999983030843	2	5.99999983030843	---	5.99999983030843	---
5.99999983030843	10	6.24999982323795	1	6.24999982323795	---	6.24999982323795	---
6.24999982323795	15	6.49999981616746	4	6.49999981616746	---	6.49999981616746	---
6.49999981616746	5	6.74999980909698	5	6.74999980909698	---	6.74999980909698	---
6.74999980909698	14	6.9999998020265	4	6.9999998020265	---	6.9999998020265	---
6.9999998020265	7	7.24999979495602	4	7.24999979495602	---	7.24999979495602	---
7.24999979495602	15	7.49999978788553	2	7.49999978788553	---	7.49999978788553	---
7.49999978788553	9	7.74999978081505	6	7.74999978081505	---	7.74999978081505	---
7.74999978081505	11	7.99999977374457	2	7.99999977374457	---	7.99999977374457	---
7.99999977374457	11	8.24999976667409	1	8.24999976667409	---	8.24999976667409	---
8.24999976667409	10	8.49999975960361	4	8.49999975960361	---	8.49999975960361	---
8.49999975960361	15	8.74999975253313	1	8.74999975253313	---	8.74999975253313	---
8.74999975253313	13	8.99999974546264	3	8.99999974546264	---	8.99999974546264	---
8.99999974546264	13	9.24999973839216	5	9.24999973839216	---	9.24999973839216	---
9.24999973839216	8	9.49999973132168	3	9.49999973132168	---	9.49999973132168	---
9.49999973132168	9	9.7499997242512	1	9.7499997242512	---	9.7499997242512	---
9.7499997242512	13	9.99999971718071	2	9.99999971718071	---	9.99999971718071	---
9.99999971718071	11	10.2499997101102	5	10.2499997101102	---	10.2499997101102	---
10.2499997101102	9	10.4999997030398	3	10.4999997030398	---	10.4999997030398	---
10.4999997030398	14	10.7499996959693	3	10.7499996959693	---	10.7499996959693	---
10.7499996959693	10	10.9999996888988	2	10.9999996888988	---	10.9999996888988	---
10.9999996888988	9	11.2499996818283	1	11.2499996818283	---	11.2499996818283	---
11.2499996818283	9	11.4999996747578	2	11.4999996747578	---	11.4999996747578	---
11.4999996747578	14	11.7499996676873	2	11.7499996676873	---	11.7499996676873	---
11.7499996676873	17	11.9999996606169	2	11.9999996606169	---	11.9999996606169	---
11.9999996606169	7	12.2499996535464	3	12.2499996535464	---	12.2499996535464	---
12.2499996535464	11	12.4999996464759	4	12.4999996464759	---	12.4999996464759	---
12.4999996464759	11	12.7499996394054	4	12.7499996394054	---	12.7499996394054	---
12.7499996394054	17	12.9999996323349	4	12.9999996323349	---	12.9999996323349	---
12.9999996323349	10	13.2499996252644	1	13.2499996252644	---	13.2499996252644	---
13.2499996252644	16	13.499999618194	1	13.499999618194	---	13.499999618194	---
13.499999618194	9	13.7499996111235	2	13.7499996111235	---	13.7499996111235	---
13.7499996111235	6	13.999999604053	2	13.999999604053	---	13.999999604053	---
13.999999604053	16	14.2499995969825	3	14.2499995969825	---	14.2499995969825	---
14.2499995969825	7	14.499999589912	3	14.499999589912	---	14.499999589912	---
14.499999589912	13	14.7499995828416	5	14.7499995828416	---	14.7499995828416	---
14.7499995828416	10	14.9999995757711	1	14.9999995757711	---	14.9999995757711	---
14.9999995757711	11	15.2499995687006	4	15.2499995687006	---	15.2499995687006	---
15.2499995687006	11	15.4999995616301	2	15.4999995616301	---	15.4999995616301	---
15.4999995616301	15	15.7499995545596	1	15.7499995545596	---	15.7499995545596	---
15.7499995545596	8	15.9999995474891	1	15.9999995474891	---	15.9999995474891	---
15.9999995474891	12	16.2499995404187	1	16.2499995404187	---	16.2499995404187	---
16.2499995404187	12	16.4999995333482	3	16.4999995333482	---	16.4999995333482	---
16.4999995333482	9	16.7499995262777	0	16.7499995262777	---	16.7499995262777	---
16.7499995262777	12	16.9999995192072	4	16.9999995192072	---	16.9999995192072	---
16.9999995192072	10	17.2499995121367	5	17.2499995121367	---	17.2499995121367	---
17.2499995121367	15	17.4999995050662	2	17.4999995050662	---	17.4999995050662	---
17.4999995050662	9	17.7499994979958	0	17.7499994979958	---	17.7499994979958	---
17.7499994979958	13	17.9999994909253	2	17.9999994909253	---	17.9999994909253	---
17.9999994909253	12	18.2499994838548	9	18.2499994838548	---	18.2499994838548	---
18.2499994838548	8	18.4999994767843	28	18.4999994767843	---	18.4999994767843	---
18.4999994767843	11	18.7499994697138	326	18.7499994697138	---	18.7499994697138	---
18.7499994697138	62	18.9999994626434	963	18.9999994626434	---	18.9999994626434	---
18.9999994626434	238	19.2499994555729	1253	19.2499994555729	---	19.2499994555729	---
19.2499994555729	175	19.4999994485024	1363	19.4999994485024	---	19.4999994485024	---
19.4999994485024	68	19.7499994414319	1254	19.7499994414319	---	19.7499994414319	---
19.7499994414319	20	19.9999994343614	1181	19.9999994343614	---	19.9999994343614	---
19.9999994343614	17	20.2499994272909	1107	20.2499994272909	---	20.2499994272909	---
20.2499994272909	10	20.4999994202205	1020	20.4999994202205	---	20.4999994202205	---
20.4999994202205	10	20.74999941315	906	20.74999941315	---	20.74999941315	---
20.74999941315	15	20.9999994060795	939	20.9999994060795	---	20.9999994060795	---
20.9999994060795	12	21.249999399009	830	21.249999399009	---	21.249999399009	---
21.249999399009	10	21.4999993919385	790	21.4999993919385	---	21.4999993919385	---
21.4999993919385	6	21.7499993848681	710	21.7499993848681	---	21.7499993848681	---
21.7499993848681	11	21.9999993777976	668	21.9999993777976	664.877502441406	21.9999993777976	0.120813056826591
21.9999993777976	13	22.2499993707271	610	22.2499993707271	625.249206542969	22.2499993707271	-0.617422342300415
22.2499993707271	13	22.4999993636566	609	22.4999993636566	588.147155761719	22.4999993636566	0.84499990940094
22.4999993636566	9	22.7499993565861	543	22.7499993565861	553.402099609375	22.7499993565861	-0.446396827697754
22.7499993565861	12	22.9999993495156	524	22.9999993495156	520.871704101562	22.9999993495156	0.136660248041153
22.9999993495156	5	23.2499993424452	501	23.2499993424452	490.376708984375	23.2499993424452	0.474613636732101
23.2499993424452	16	23.4999993353747	448	23.4999993353747	461.837921142578	23.4999993353747	-0.653780341148376
23.4999993353747	13	23.7499993283042	470	23.7499993283042	435.083435058594	23.7499993283042	1.61058104038239
23.7499993283042	11	23.9999993212337	399	23.9999993212337	410.026550292969	23.9999993212337	-0.552017986774445
23.9999993212337	14	24.2499993141632	390	24.2499993141632	386.535827636719	24.2499993141632	0.175415188074112
24.2499993141632	12	24.4999993070927	371	24.4999993070927	364.507415771484	24.4999993070927	0.337078183889389
24.4999993070927	5	24.7499993000223	340	24.7499993000223	343.86083984375	24.7499993000223	-0.209383442997932
24.7499993000223	11	24.9999992929518	307	24.9999992929518	324.491271972656	24.9999992929518	-0.998279631137848
24.9999992929518	12	25.2499992858813	303	25.2499992858813	306.351959228516	25.2499992858813	-0.192565023899078
25.2499992858813	10	25.4999992788108	295	25.4999992788108	289.308227539063	25.4999992788108	0.33138781785965
25.4999992788108	6	25.7499992717403	270	25.7499992717403	273.329345703125	25.7499992717403	-0.202617526054382
25.7499992717403	15	25.9999992646699	235	25.9999992646699	258.323883056641	25.9999992646699	-1.52148234844208
25.9999992646699	11	26.2499992575994	233	26.2499992575994	244.251449584961	26.2499992575994	-0.73710697889328
26.2499992575994	11	26.4999992505289	229	26.4999992505289	231.043060302734	26.4999992505289	-0.135009229183197
26.4999992505289	8	26.7499992434584	240	26.7499992434584	218.632537841797	26.7499992434584	1.37926375865936
26.7499992434584	8	26.9999992363879	208	26.9999992363879	206.977386474609	26.9999992363879	0.0709054917097092
26.9999992363879	12	27.2499992293174	210	27.2499992293174	196.028259277344	27.2499992293174	0.964141726493835
27.2499992293174	6	27.499999222247	183	27.499999222247	185.744400024414	27.499999222247	-0.202871888875961
27.499999222247	8	27.7499992151765	180	27.7499992151765	176.075607299805	27.7499992151765	0.292506963014603
27.7499992151765	9	27.999999208106	166	27.999999208106	166.982116699219	27.999999208106	-0.0762270390987396
27.999999208106	10	28.2499992010355	168	28.2499992010355	158.43635559082	28.2499992010355	0.737851202487946
28.2499992010355	14	28.499999193965	149	28.499999193965	150.396240234375	28.499999193965	-0.114384457468987
28.499999193965	9	28.7499991868946	156	28.7499991868946	142.827331542969	28.7499991868946	1.05465757846832
28.7499991868946	14	28.9999991798241	115	28.9999991798241	135.708343505859	28.9999991798241	-1.93106293678284
28.9999991798241	11	29.2499991727536	133	29.2499991727536	129.00520324707	29.2499991727536	0.346392810344696
29.2499991727536	8	29.4999991656831	140	29.4999991656831	122.694488525391	29.4999991656831	1.46258270740509
29.4999991656831	14	29.7499991586126	118	29.7499991586126	116.747497558594	29.7499991586126	0.115302197635174
29.7499991586126	12	29.9999991515421	102	29.9999991515421	111.143440246582	29.9999991515421	-0.905335485935211
29.9999991515421	12	30.2499991444717	108	30.2499991444717	105.862930297852	30.2499991444717	0.205639630556107
30.2499991444717	13	30.4999991374012	99	30.4999991374012	100.882476806641	30.4999991374012	-0.189196035265923
30.4999991374012	7	30.7499991303307	98	30.7499991303307	96.1833724975586	30.7499991303307	0.183507084846497
30.7499991303307	11	30.9999991232602	92	30.9999991232602	91.7536315917969	30.9999991232602	0.0256856828927994
30.9999991232602	9	31.2499991161897	79	31.2499991161897	87.5698623657227	31.2499991161897	-0.964184820652008
31.2499991161897	6	31.4999991091192	67	31.4999991091192	83.6226501464844	31.4999991091192	-2.03077983856201
31.4999991091192	15	31.7499991020488	95	31.7499991020488	79.8899841308594	31.7499991020488	1.55025494098663
31.7499991020488	10	31.9999990949783	89	31.9999990949783	76.3679809570312	31.9999990949783	1.33899128437042
31.9999990949783	9	32.2499990879078	66	32.2499990879078	73.0330810546875	32.2499990879078	-0.865712404251099
32.2499990879078	14	32.4999990808373	73	32.4999990808373	69.8820190429688	32.4999990808373	0.364932060241699
32.4999990808373	18	32.7499990737668	63	32.7499990737668	66.8990325927734	32.7499990737668	-0.491231918334961
32.7499990737668	15	32.9999990666964	65	32.9999990666964	64.0774459838867	32.9999990666964	0.114428743720055
32.9999990666964	20	33.2499990596259	52	33.2499990596259	61.4078521728516	33.2499990596259	-1.30463433265686
33.2499990596259	12	33.4999990525554	65	33.4999990525554	58.8761901855469	33.4999990525554	0.759565114974976
33.4999990525554	15	33.7499990454849	51	33.7499990454849	56.4791870117188	33.7499990454849	-0.767239630222321
33.7499990454849	13	33.9999990384144	58	33.9999990384144	54.2075881958008	33.9999990384144	0.497968077659607
33.9999990384144	14	34.2499990313439	65	34.2499990313439	52.0503921508789	34.2499990313439	1.606201171875
34.2499990313439	7	34.4999990242735	48	34.4999990242735	50.0054321289063	34.4999990242735	-0.289459198713303
34.4999990242735	7	34.749999017203	58	34.749999017203	48.0643081665039	34.749999017203	1.30462026596069
34.749999017203	10	34.9999990101325	51	34.9999990101325	46.2207412719727	34.9999990101325	0.669230103492737
34.9999990101325	11	35.249999003062	50	35.249999003062	44.4698486328125	35.249999003062	0.782081484794617
35.249999003062	11	35.4999989959915	52	35.4999989959915	42.8034515380859	35.4999989959915	1.27533185482025
35.4999989959915	8	35.749998988921	43	35.749998988921	41.2218170166016	35.749998988921	0.271170347929001
35.749998988921	14	35.9999989818506	30	35.9999989818506	39.7156143188477	35.9999989818506	-1.77382040023804
35.9999989818506	13	36.2499989747801	47	36.2499989747801	38.2812194824219	36.2499989747801	1.27176487445831
36.2499989747801	11	36.4999989677096	29	36.4999989677096	36.9167785644531	36.4999989677096	-1.47010886669159
36.4999989677096	14	36.7499989606391	35	36.7499989606391	35.6164703369141	36.7499989606391	-0.104202508926392
36.7499989606391	12	36.9999989535686	53	36.9999989535686	34.3766250610352	36.9999989535686	2.55811738967896
36.9999989535686	6	37.2499989464982	28	37.2499989464982	33.1939811706543	37.2499989464982	-0.981570184230804
37.2499989464982	6	37.4999989394277	35	37.4999989394277	32.0663223266602	37.4999989394277	0.495882034301758
37.4999989394277	12	37.7499989323572	33	37.7499989323572	30.9900016784668	37.7499989323572	0.349895805120468
37.7499989323572	11	37.9999989252867	34	37.9999989252867	29.9632511138916	37.9999989252867	0.692296743392944
37.9999989252867	8	38.2499989182162	21	38.2499989182162	28.9823360443115	38.2499989182162	-1.74188852310181
38.2499989182162	15	38.4999989111457	26	38.4999989111457	28.0430183410645	38.4999989111457	-0.400668859481812
38.4999989111457	12	38.7499989040753	26	38.7499989040753	27.1464099884033	38.7499989040753	-0.224829494953156
38.7499989040753	9	38.9999988970048	25	38.9999988970048	26.2866535186768	38.9999988970048	-0.257330715656281
38.9999988970048	10	39.2499988899343	27	39.2499988899343	25.4657878875732	39.2499988899343	0.295259267091751
39.2499988899343	10	39.4999988828638	24	39.4999988828638	24.6798324584961	39.4999988828638	-0.138770222663879
39.4999988828638	12	39.7499988757933	27	39.7499988757933	23.9253196716309	39.7499988757933	0.59172248840332
39.7499988757933	13	39.9999988687229	21	39.9999988687229	23.2031993865967	39.9999988687229	-0.480777531862259
39.9999988687229	6	40.2499988616524	21	40.2499988616524	22.5108299255371	40.2499988616524	-0.329690128564835
40.2499988616524	13	40.4999988545819	15	40.4999988545819	21.8464126586914	40.4999988545819	-1.76773619651794
40.4999988545819	8	40.7499988475114	28	40.7499988475114	21.209300994873	40.7499988475114	1.28332149982452
40.7499988475114	12	40.9999988404409	26	40.9999988404409	20.5972537994385	40.9999988404409	1.05956566333771
40.9999988404409	22	41.2499988333704	22	41.2499988333704	20.0094261169434	41.2499988333704	0.424391776323318
41.2499988333704	14	41.4999988263	23	41.4999988263	19.4446659088135	41.4999988263	0.741338431835175
41.4999988263	16	41.7499988192295	22	41.7499988192295	18.9019451141357	41.7499988192295	0.660507500171661
41.7499988192295	16	41.999998812159	25	41.999998812159	18.3801155090332	41.999998812159	1.3239768743515
41.999998812159	16	42.2499988050885	17	42.2499988050885	17.8779487609863	42.2499988050885	-0.212933853268623
42.2499988050885	7	42.499998798018	14	42.499998798018	17.3947772979736	42.499998798018	-0.907292425632477
42.499998798018	15	42.7499987909476	20	42.7499987909476	16.9296092987061	42.7499987909476	0.686560213565826
42.7499987909476	8	42.9999987838771	13	42.9999987838771	16.4815101623535	42.9999987838771	-0.965597212314606
42.9999987838771	15	43.2499987768066	21	43.2499987768066	16.0494804382324	43.2499987768066	1.08029198646545
43.2499987768066	11	43.4999987697361	16	43.4999987697361	15.6333246231079	43.4999987697361	0.0916688442230225
43.4999987697361	17	43.7499987626656	13	43.7499987626656	15.2328863143921	43.7499987626656	-0.619291245937347
43.7499987626656	17	43.9999987555951	13	43.9999987555951	14.8454608917236	43.9999987555951	-0.511838734149933
43.9999987555951	4	44.2499987485247	16	44.2499987485247	14.4722814559937	44.2499987485247	0.381929636001587
44.2499987485247	5	44.4999987414542	18	44.4999987414542	14.1119060516357	44.4999987414542	0.916432559490204
44.4999987414542	13	44.7499987343837	15	44.7499987343837	13.7649717330933	44.7499987343837	0.318882942199707
44.7499987343837	18	44.9999987273132	13	44.9999987273132	13.4293069839478	44.9999987273132	-0.119068332016468
44.9999987273132	16	45.2499987202427	14	45.2499987202427	13.1041460037231	45.2499987202427	0.239427044987679
45.2499987202427	9	45.4999987131722	12	45.4999987131722	12.7916097640991	45.4999987131722	-0.228518053889275
45.4999987131722	11	45.7499987061018	11	45.7499987061018	12.4879894256592	45.7499987061018	-0.448645681142807
45.7499987061018	6	45.9999986990313	17	45.9999986990313	12.1947994232178	45.9999986990313	1.16543233394623
45.9999986990313	14	46.2499986919608	6	46.2499986919608	11.9113273620605	46.2499986919608	-2.41328930854797
46.2499986919608	12	46.4999986848903	14	46.4999986848903	11.6371717453003	46.4999986848903	0.631492435932159
46.4999986848903	10	46.7499986778198	12	46.7499986778198	11.3723258972168	46.7499986778198	0.18119390308857
46.7499986778198	7	46.9999986707494	13	46.9999986707494	11.1153144836426	46.9999986707494	0.522717714309692
46.9999986707494	14	47.2499986636789	11	47.2499986636789	10.8666124343872	47.2499986636789	0.0402178652584553
47.2499986636789	13	47.4999986566084	11	47.4999986566084	10.6261053085327	47.4999986566084	0.112733490765095
47.4999986566084	12	47.7499986495379	13	47.7499986495379	10.3931579589844	47.7499986495379	0.723007917404175
47.7499986495379	12	47.9999986424674	10	47.9999986424674	10.1671466827393	47.9999986424674	-0.0528564229607582
47.9999986424674	13	48.2499986353969	6	48.2499986353969	9.9483814239502	48.2499986353969	-1.61191999912262
48.2499986353969	8	48.4999986283265	13	48.4999986283265	9.73633861541748	48.4999986283265	0.905176818370819
48.4999986283265	7	48.749998621256	14	48.749998621256	9.53076839447021	48.749998621256	1.19445240497589
48.749998621256	10	48.9999986141855	7	48.9999986141855	9.3314266204834	48.9999986141855	-0.881196439266205
48.9999986141855	11	49.249998607115	7	49.249998607115	9.13803386688232	49.249998607115	-0.808100819587708
49.249998607115	7	49.4999986000445	12	49.4999986000445	8.95049667358398	49.4999986000445	0.880315780639648
49.4999986000445	6	49.7499985929741	14	49.7499985929741	8.76874160766602	49.7499985929741	1.39811265468597
49.7499985929741	3	49.9999985859036	13	49.9999985859036	8.59208011627197	49.9999985859036	1.22253704071045
49.9999985859036	11	50.2499985788331	9	50.2499985788331	8.42080688476563	50.2499985788331	0.193064376711845
50.2499985788331	10	50.4999985717626	11	50.4999985717626	8.25437068939209	50.4999985717626	0.827838361263275
50.4999985717626	11	50.7499985646921	8	50.7499985646921	8.09313011169434	50.7499985646921	-0.0329264663159847
50.7499985646921	5	50.9999985576216	9	50.9999985576216	7.93650817871094	50.9999985576216	0.354497283697128
50.9999985576216	10	51.2499985505512	8	51.2499985505512	7.78428268432617	51.2499985505512	0.0762675851583481
51.2499985505512	11	51.4999985434807	11	51.4999985434807	7.63673830032349	51.4999985434807	1.01406157016754
51.4999985434807	7	51.7499985364102	7	51.7499985364102	7.49329471588135	51.7499985364102	-0.186447873711586
51.7499985364102	11	51.9999985293397	4	51.9999985293397	7.35350751876831	51.9999985293397	-1.67675375938416
51.9999985293397	13	52.2499985222692	9	52.2499985222692	7.21825695037842	52.2499985222692	0.593914330005646
52.2499985222692	13	52.4999985151987	8	52.4999985151987	7.08641195297241	52.4999985151987	0.323002159595489
52.4999985151987	14	52.7499985081283	3	52.7499985081283	6.95834445953369	52.7499985081283	-2.2853512763977
52.7499985081283	9	52.9999985010578	10	52.9999985010578	6.83414220809937	52.9999985010578	1.00113213062286
52.9999985010578	9	53.2499984939873	5	53.2499984939873	6.71321249008179	53.2499984939873	-0.766171932220459
53.2499984939873	11	53.4999984869168	13	53.4999984869168	6.59549427032471	53.4999984869168	1.77629029750824
53.4999984869168	6	53.7499984798463	4	53.7499984798463	6.48129081726074	53.7499984798463	-1.24064540863037
53.7499984798463	10	53.9999984727759	8	53.9999984727759	6.37040424346924	53.9999984727759	0.576149106025696
53.9999984727759	9	54.2499984657054	6	54.2499984657054	6.26231098175049	54.2499984657054	-0.107088007032871
54.2499984657054	8	54.4999984586349	8	54.4999984586349	6.15723657608032	54.4999984586349	0.651515245437622
54.4999984586349	9	54.7499984515644	6	54.7499984515644	6.05507087707519	54.7499984515644	-0.0224825907498598
54.7499984515644	16	54.9999984444939	7	54.9999984444939	5.95577716827393	54.9999984444939	0.394679129123688
54.9999984444939	11	55.2499984374234	6	55.2499984374234	5.85908603668213	55.2499984374234	0.0575278848409653
55.2499984374234	7	55.499998430353	9	55.499998430353	5.76506948471069	55.499998430353	1.07831013202667
55.499998430353	5	55.7499984232825	5	55.7499984232825	5.67359018325806	55.7499984232825	-0.301238685846329
55.7499984232825	11	55.999998416212	5	55.999998416212	5.58460235595703	55.999998416212	-0.261442124843597
55.999998416212	12	56.2499984091415	11	56.2499984091415	5.49801635742188	56.2499984091415	1.65891051292419
56.2499984091415	7	56.499998402071	9	56.499998402071	5.41371631622314	56.499998402071	1.19542789459229
56.499998402071	9	56.7499983950006	4	56.7499983950006	5.33176946640015	56.7499983950006	-0.665884733200073
56.7499983950006	19	56.9999983879301	10	56.9999983879301	5.25195121765137	56.9999983879301	1.50146484375
56.9999983879301	8	57.2499983808596	5	57.2499983808596	5.17421531677246	57.2499983808596	-0.0779114589095116
57.2499983808596	10	57.4999983737891	6	57.4999983737891	5.09871768951416	57.4999983737891	0.367946952581406
57.4999983737891	10	57.7499983667186	9	57.7499983667186	5.02520227432251	57.7499983667186	1.32493257522583
57.7499983667186	12	57.9999983596481	3	57.9999983596481	4.95348644256592	57.9999983596481	-1.12784588336945
57.9999983596481	7	58.2499983525777	4	58.2499983525777	4.88390445709229	58.2499983525777	-0.441952228546143
58.2499983525777	12	58.4999983455072	9	58.4999983455072	4.8159818649292	58.4999983455072	1.3946727514267
58.4999983455072	14	58.7499983384367	7	58.7499983384367	4.74988222122192	58.7499983384367	0.850464582443237
58.7499983384367	10	58.9999983313662	4	58.9999983313662	4.68547058105469	58.9999983313662	-0.342735290527344
58.9999983313662	9	59.2499983242957	6	59.2499983242957	4.62274742126465	59.2499983242957	0.562260985374451
59.2499983242957	8	59.4999983172253	6	59.4999983172253	4.56194496154785	59.4999983172253	0.587083518505096
59.4999983172253	11	59.7499983101548	6	59.7499983101548	4.5023946762085	59.7499983101548	0.611394822597504
59.7499983101548	9	59.9999983030843	9	59.9999983030843	4.44465112686157	59.9999983030843	1.51844966411591
59.9999983030843	13	60.2499982960138	3	60.2499982960138	4.38833045959473	60.2499982960138	-0.801552951335907
60.2499982960138	16	60.4999982889433	9	60.4999982889433	4.33349990844727	60.4999982889433	1.55550003051758
60.4999982889433	11	60.7499982818728	6	60.7499982818728	4.28011703491211	60.7499982818728	0.702139258384705
60.7499982818728	14	60.9999982748024	6	60.9999982748024	4.22813606262207	60.9999982748024	0.723360419273377
60.9999982748024	8	61.2499982677319	2	61.2499982677319	4.17746686935425	61.2499982677319	-1.53970158100128
61.2499982677319	8	61.4999982606614	3	61.4999982606614	4.12817239761353	61.4999982606614	-0.651350617408752
61.4999982606614	8	61.7499982535909	4	61.7499982535909	4.0801248550415	61.7499982535909	-0.040062427520752
61.7499982535909	9	61.9999982465204	4	61.9999982465204	4.03331756591797	61.9999982465204	-0.0166587829589844
61.9999982465204	17	62.2499982394499	5	62.2499982394499	3.98775005340576	62.2499982394499	0.452691942453384
62.2499982394499	11	62.4999982323795	1	62.4999982323795	3.94336557388306	62.4999982323795	-2.94336557388306
62.4999982323795	9	62.749998225309	7	62.749998225309	3.90011501312256	62.749998225309	1.17164635658264
62.749998225309	14	62.9999982182385	8	62.9999982182385	3.85798692703247	62.9999982182385	1.4644228219986
62.9999982182385	12	63.249998211168	3	63.249998211168	3.81701159477234	63.249998211168	-0.471701860427856
63.249998211168	14	63.4999982040975	3	63.4999982040975	3.77699303627014	63.4999982040975	-0.448597133159637
63.4999982040975	8	63.749998197027	3	63.749998197027	3.73804926872253	63.749998197027	-0.426112949848175
63.749998197027	10	63.9999981899566	3	63.9999981899566	3.70022940635681	63.9999981899566	-0.404277622699738
63.9999981899566	10	64.2499981828861	5	64.2499981828861	3.66319179534912	64.2499981828861	0.597838819026947
64.2499981828861	5	64.4999981758156	5	64.4999981758156	3.62718653678894	64.4999981758156	0.613940834999084
64.4999981758156	8	64.7499981687451	8	64.7499981687451	3.59222650527954	64.7499981687451	1.55838322639465
64.7499981687451	8	64.9999981616746	3	64.9999981616746	3.55798196792603	64.9999981616746	-0.322151035070419
64.9999981616746	11	65.2499981546042	5	65.2499981546042	3.52467727661133	65.2499981546042	0.659784376621246
65.2499981546042	8	65.4999981475337	5	65.4999981475337	3.49237871170044	65.4999981475337	0.674228727817535
65.4999981475337	11	65.7499981404632	5	65.7499981404632	3.46072721481323	65.7499981404632	0.68838369846344
65.7499981404632	19	65.9999981333927	5	65.9999981333927	3.43004703521729	65.9999981333927	0.702104330062866
65.9999981333927	14	66.2499981263222	6	66.2499981263222	3.40002965927124	66.2499981263222	1.06143343448639
66.2499981263222	14	66.4999981192517	6	66.4999981192517	3.3708508014679	66.4999981192517	1.07334566116333
66.4999981192517	8	66.7499981121813	6	66.7499981121813	3.34237456321716	66.7499981121813	1.08497107028961
66.7499981121813	12	66.9999981051108	7	66.9999981051108	3.31464004516602	66.9999981051108	1.3929351568222
66.9999981051108	14	67.2499980980403	4	67.2499980980403	3.28762531280518	67.2499980980403	0.356187343597412
67.2499980980403	7	67.4999980909698	6	67.4999980909698	3.26131153106689	67.4999980909698	1.11806488037109
67.4999980909698	6	67.7499980838993	6	67.7499980838993	3.23567581176758	67.7499980838993	1.12853062152863
67.7499980838993	6	67.9999980768289	3	67.9999980768289	3.21067762374878	67.9999980768289	-0.121634781360626
67.9999980768289	7	68.2499980697584	6	68.2499980697584	3.18634653091431	68.2499980697584	1.14866924285889
68.2499980697584	14	68.4999980626879	4	68.4999980626879	3.16262197494507	68.4999980626879	0.418689012527466
68.4999980626879	6	68.7499980556174	5	68.7499980556174	3.13950848579407	68.7499980556174	0.832037091255188
68.7499980556174	8	68.9999980485469	4	68.9999980485469	3.11698627471924	68.9999980485469	0.441506862640381
68.9999980485469	13	69.2499980414764	1	69.2499980414764	3.09503650665283	69.2499980414764	-2.09503650665283
69.2499980414764	5	69.499998034406	4	69.499998034406	3.07365417480469	69.499998034406	0.463172912597656
69.499998034406	11	69.7499980273355	6	69.7499980273355	3.05281400680542	69.7499980273355	1.20318365097046
69.7499980273355	10	69.999998020265	4	69.999998020265	3.03249955177307	69.999998020265	0.483750224113464
69.999998020265	11	70.2499980131945	4	70.2499980131945	3.01273012161255	70.2499980131945	0.493634939193726
70.2499980131945	8	70.499998006124	1	70.499998006124	2.99344897270203	70.499998006124	-1.99344897270203
70.499998006124	6	70.7499979990535	2	70.7499979990535	2.97470259666443	70.7499979990535	-0.689218819141388
70.7499979990535	11	70.9999979919831	2	70.9999979919831	2.9563524723053	70.9999979919831	-0.676243305206299
70.9999979919831	19	71.2499979849126	6	71.2499979849126	2.93851065635681	71.2499979849126	1.24984776973724
71.2499979849126	10	71.4999979778421	6	71.4999979778421	2.92118430137634	71.4999979778421	1.25692129135132
71.4999979778421	11	71.7499979707716	3	71.7499979707716	2.90417766571045	71.7499979707716	0.0553230494260788
71.7499979707716	13	71.9999979637011	1	71.9999979637011	2.88766193389893	71.9999979637011	-1.88766193389893
71.9999979637011	12	72.2499979566307	4	72.2499979566307	2.87164211273193	72.2499979566307	0.564178943634033
72.2499979566307	16	72.4999979495602	5	72.4999979495602	2.85595607757568	72.4999979495602	0.958845615386963
72.4999979495602	10	72.7499979424897	5	72.7499979424897	2.84068822860718	72.7499979424897	0.965673565864563
72.7499979424897	13	72.9999979354192	6	72.9999979354192	2.82581281661987	72.9999979354192	1.29585647583008
72.9999979354192	15	73.2499979283487	2	73.2499979283487	2.81129121780396	73.2499979283487	-0.573669493198395
73.2499979283487	9	73.4999979212782	7	73.4999979212782	2.79714632034302	73.4999979212782	1.58852934837341
73.4999979212782	9	73.7499979142078	4	73.7499979142078	2.78338980674744	73.7499979142078	0.608305096626282
73.7499979142078	13	73.9999979071373	2	73.9999979071373	2.76994514465332	73.9999979071373	-0.544433414936066
73.9999979071373	16	74.2499979000668	6	74.2499979000668	2.75688576698303	74.2499979000668	1.32399582862854
74.2499979000668	16	74.4999978929963	5	74.4999978929963	2.74412870407104	74.4999978929963	1.00885629653931
74.4999978929963	14	74.7499978859258	1	74.7499978859258	2.73171448707581	74.7499978859258	-1.73171448707581
74.7499978859258	9	74.9999978788553	0	74.9999978788553	2.71961688995361	74.9999978788553	-2.71961688995361
74.9999978788553	10	75.2499978717849	3	75.2499978717849	2.70781946182251	75.2499978717849	0.168690517544746
75.2499978717849	7	75.4999978647144	1	75.4999978647144	2.69632482528687	75.4999978647144	-1.69632482528687
75.4999978647144	14	75.7499978576439	2	75.7499978576439	2.68512296676636	75.7499978576439	-0.484455108642578
75.7499978576439	15	75.9999978505734	1	75.9999978505734	2.67420721054077	75.9999978505734	-1.67420721054077
75.9999978505734	10	76.2499978435029	2	76.2499978435029	2.66357350349426	76.2499978435029	-0.469217330217361
76.2499978435029	9	76.4999978364325	6	76.4999978364325	2.6532084941864	76.4999978364325	1.36632192134857
76.4999978364325	12	76.749997829362	2	76.749997829362	2.64309930801392	76.749997829362	-0.4547398686409
76.749997829362	15	76.9999978222915	3	76.9999978222915	2.63325834274292	76.9999978222915	0.211738392710686
76.9999978222915	11	77.249997815221	2	77.249997815221	2.62366461753845	77.249997815221	-0.44099748134613
77.249997815221	11	77.4999978081505	2	77.4999978081505	2.61430048942566	77.4999978081505	-0.434376031160355
77.4999978081505	17	77.74999780108	4	77.74999780108	2.60520482063293	77.74999780108	0.697397589683533
77.74999780108	8	77.9999977940096	2	77.9999977940096	2.59632587432861	77.9999977940096	-0.42166605591774
77.9999977940096	11	78.2499977869391	1	78.2499977869391	2.58765125274658	78.2499977869391	-1.58765125274658
78.2499977869391	17	78.4999977798686	8	78.4999977798686	2.5792248249054	78.4999977798686	1.91653347015381
78.4999977798686	14	78.7499977727981	4	78.7499977727981	2.57100343704224	78.7499977727981	0.714498281478882
78.7499977727981	19	78.9999977657276	3	78.9999977657276	2.56302952766418	78.9999977657276	0.252285033464432
78.9999977657276	9	79.2499977586572	4	79.2499977586572	2.55521059036255	79.2499977586572	0.722394704818726
79.2499977586572	7	79.4999977515867	5	79.4999977515867	2.54758930206299	79.4999977515867	1.09675145149231
79.4999977515867	8	79.7499977445162	4	79.7499977445162	2.54018044471741	79.7499977445162	0.729909777641296
79.7499977445162	9	79.9999977374457	1	79.9999977374457	2.53296136856079	79.9999977374457	-1.53296136856079
79.9999977374457	12	80.2499977303752	6	80.2499977303752	2.52592730522156	80.2499977303752	1.41828429698944
80.2499977303752	13	80.4999977233047	1	80.4999977233047	2.51906204223633	80.4999977233047	-1.51906204223633
80.4999977233047	16	80.7499977162343	2	80.7499977162343	2.51237344741821	80.7499977162343	-0.362302750349045
80.7499977162343	9	80.9999977091638	6	80.9999977091638	2.50585770606995	80.9999977091638	1.42647767066956
80.9999977091638	13	81.2499977020933	3	81.2499977020933	2.49951601028442	81.2499977020933	0.288954555988312
81.2499977020933	5	81.4999976950228	3	81.4999976950228	2.49332284927368	81.4999976950228	0.292530179023743
81.4999976950228	17	81.7499976879523	2	81.7499976879523	2.4872899055481	81.7499976879523	-0.344565987586975
81.7499976879523	13	81.9999976808818	7	81.9999976808818	2.48141527175903	81.9999976808818	1.70786452293396
81.9999976808818	9	82.2499976738114	5	82.2499976738114	2.47568559646606	82.2499976738114	1.12890768051147
82.2499976738114	13	82.4999976667409	6	82.4999976667409	2.47010469436646	82.4999976667409	1.44107377529144
82.4999976667409	9	82.7499976596704	7	82.7499976596704	2.46466374397278	82.7499976596704	1.71419596672058
82.7499976596704	17	82.9999976525999	7	82.9999976525999	2.4593620300293	82.9999976525999	1.71619987487793
82.9999976525999	10	83.2499976455294	5	83.2499976455294	2.45419478416443	83.2499976455294	1.13851869106293
83.2499976455294	9	83.499997638459	3	83.499997638459	2.44916534423828	83.499997638459	0.318024545907974
83.499997638459	11	83.7499976313885	2	83.7499976313885	2.4442617893219	83.7499976313885	-0.314140528440475
83.7499976313885	13	83.999997624318	6	83.999997624318	2.43947768211365	83.999997624318	1.45357716083527
83.999997624318	13	84.2499976172475	4	84.2499976172475	2.43481111526489	84.2499976172475	0.782594442367554
84.2499976172475	8	84.499997610177	3	84.499997610177	2.43027353286743	84.499997610177	0.328931719064713
84.499997610177	6	84.7499976031065	0	84.7499976031065	2.42584848403931	84.7499976031065	-2.42584848403931
84.7499976031065	7	84.9999975960361	3	84.9999975960361	2.42152500152588	84.9999975960361	0.333982706069946
84.9999975960361	8	85.2499975889656	4	85.2499975889656	2.41732573509216	85.2499975889656	0.791337132453918
85.2499975889656	6	85.4999975818951	2	85.4999975818951	2.4132285118103	85.4999975818951	-0.292196691036224
85.4999975818951	12	85.7499975748246	3	85.7499975748246	2.40924620628357	85.7499975748246	0.341071873903275
85.7499975748246	16	85.9999975677541	5	85.9999975677541	2.40534424781799	85.9999975677541	1.16036534309387
85.9999975677541	13	86.2499975606836	4	86.2499975606836	2.40156078338623	86.2499975606836	0.799219608306885
86.2499975606836	13	86.4999975536132	4	86.4999975536132	2.39786601066589	86.4999975536132	0.801066994667053
86.4999975536132	10	86.7499975465427	8	86.7499975465427	2.39425897598267	86.7499975465427	1.98192870616913
86.7499975465427	9	86.9999975394722	6	86.9999975394722	2.3907516002655	86.9999975394722	1.47346949577332
86.9999975394722	11	87.2499975324017	3	87.2499975324017	2.38732838630676	87.2499975324017	0.353726118803024
87.2499975324017	9	87.4999975253312	1	87.4999975253312	2.38399362564087	87.4999975253312	-1.38399362564087
87.4999975253312	12	87.7499975182608	5	87.7499975182608	2.38074493408203	87.7499975182608	1.17136645317078
87.7499975182608	11	87.9999975111903	3	87.9999975111903	2.37758302688599	87.9999975111903	0.359352618455887
87.9999975111903	10	88.2499975041198	5	88.2499975041198	2.37449789047241	88.2499975041198	1.17416024208069
88.2499975041198	14	88.4999974970493	5	88.4999974970493	2.37148952484131	88.4999974970493	1.17550563812256
88.4999974970493	10	88.7499974899788	3	88.7499974899788	2.36855864524841	88.7499974899788	0.364562839269638
88.7499974899788	15	88.9999974829084	4	88.9999974829084	2.36570286750793	88.9999974829084	0.817148566246033
88.9999974829084	9	89.2499974758379	4	89.2499974758379	2.36292004585266	89.2499974758379	0.818539977073669
89.2499974758379	12	89.4999974687674	4	89.4999974687674	2.36020755767822	89.4999974687674	0.819896221160889
89.4999974687674	17	89.7499974616969	2	89.7499974616969	2.35756468772888	89.7499974616969	-0.252836406230927
89.7499974616969	10	89.9999974546264	0	89.9999974546264	2.35498809814453	89.9999974546264	-2.35498809814453
89.9999974546264	9	90.2499974475559	3	90.2499974475559	2.35247540473938	90.2499974475559	0.373848497867584
90.2499974475559	11	90.4999974404855	4	90.4999974404855	2.35002970695496	90.4999974404855	0.824985146522522
90.4999974404855	8	90.749997433415	2	90.749997433415	2.34764337539673	90.749997433415	-0.245820984244347
90.749997433415	11	90.9999974263445	2	90.9999974263445	2.34532284736633	90.9999974263445	-0.244180127978325
90.9999974263445	8	91.249997419274	4	91.249997419274	2.34306073188782	91.249997419274	0.828469634056091
91.249997419274	17	91.4999974122035	1	91.4999974122035	2.34085488319397	91.4999974122035	-1.34085488319397
91.4999974122035	16	91.749997405133	0	91.749997405133	2.33869957923889	91.749997405133	-2.33869957923889
91.749997405133	13	91.9999973980626	4	91.9999973980626	2.33660268783569	91.9999973980626	0.831698656082153
91.9999973980626	13	92.2499973909921	3	92.2499973909921	2.33455991744995	92.2499973909921	0.384192019701004
92.2499973909921	10	92.4999973839216	4	92.4999973839216	2.33257484436035	92.4999973839216	0.833712577819824
92.4999973839216	8	92.7499973768511	6	92.7499973768511	2.33062672615051	92.7499973768511	1.49801540374756
92.7499973768511	18	92.9999973697806	1	92.9999973697806	2.32873558998108	92.9999973697806	-1.32873558998108
92.9999973697806	12	93.2499973627102	1	93.2499973627102	2.32689309120178	93.2499973627102	-1.32689309120178
93.2499973627102	13	93.4999973556397	4	93.4999973556397	2.32510089874268	93.4999973556397	0.837449550628662
93.4999973556397	10	93.7499973485692	4	93.7499973485692	2.32335138320923	93.7499973485692	0.838324308395386
93.7499973485692	7	93.9999973414987	2	93.9999973414987	2.3216438293457	93.9999973414987	-0.227436527609825
93.9999973414987	7	94.2499973344282	6	94.2499973344282	2.31997799873352	94.2499973344282	1.5023627281189
94.2499973344282	10	94.4999973273577	0	94.4999973273577	2.31836175918579	94.4999973273577	-2.31836175918579
94.4999973273577	12	94.7499973202873	6	94.7499973202873	2.31678080558777	94.7499973202873	1.50366795063019
94.7499973202873	9	94.9999973132168	6	94.9999973132168	2.31524229049683	94.9999973132168	1.50429606437683
94.9999973132168	12	95.2499973061463	4	95.2499973061463	2.31374216079712	95.2499973061463	0.84312891960144
95.2499973061463	14	95.4999972990758	5	95.4999972990758	2.31228137016296	95.4999972990758	1.20198428630829
95.4999972990758	8	95.7499972920053	0	95.7499972920053	2.31085705757141	95.7499972920053	-2.31085705757141
95.7499972920053	8	95.9999972849348	2	95.9999972849348	2.30946898460388	95.9999972849348	-0.218827620148659
95.9999972849348	17	96.2499972778644	2	96.2499972778644	2.30811595916748	96.2499972778644	-0.217870891094208
96.2499972778644	9	96.4999972707939	7	96.4999972707939	2.30679750442505	96.4999972707939	1.77386379241943
96.4999972707939	15	96.7499972637234	3	96.7499972637234	2.30551385879517	96.7499972637234	0.400961756706238
96.7499972637234	9	96.9999972566529	2	96.9999972566529	2.30426120758057	96.9999972566529	-0.215145155787468
96.9999972566529	13	97.2499972495824	5	97.2499972495824	2.30304074287415	97.2499972495824	1.20611679553986
97.2499972495824	12	97.4999972425119	3	97.4999972425119	2.30185198783874	97.4999972425119	0.403075933456421
97.4999972425119	10	97.7499972354415	4	97.7499972354415	2.30069041252136	97.7499972354415	0.849654793739319
97.7499972354415	14	97.999997228371	3	97.999997228371	2.29956197738647	97.999997228371	0.404398083686829
97.999997228371	7	98.2499972213005	4	98.2499972213005	2.29846024513245	98.2499972213005	0.850769877433777
98.2499972213005	15	98.49999721423	1	98.49999721423	2.29738998413086	98.49999721423	-1.29738998413086
98.49999721423	10	98.7499972071596	2	98.7499972071596	2.29634618759155	98.7499972071596	-0.209548398852348
98.7499972071596	17	98.9999972000891	2	98.9999972000891	2.29532599449158	98.9999972000891	-0.208827018737793
98.9999972000891	15	99.2499971930186	5	99.2499971930186	2.29432964324951	99.2499971930186	1.21001255512238
99.2499971930186	10	99.4999971859481	4	99.4999971859481	2.2933657169342	99.4999971859481	0.853317141532898
99.4999971859481	12	99.7499971788776	5	99.7499971788776	2.29242014884949	99.7499971788776	1.21086657047272
99.7499971788776	8	99.9999971718071	2	99.9999971718071	2.29150295257568	99.9999971718071	-0.20612370967865
99.9999971718071	15	100.249997164737	4	100.249997164737	2.29060554504395	100.249997164737	0.854697227478027
100.249997164737	13	100.499997157666	2	100.499997157666	2.28973293304443	100.499997157666	-0.204872116446495
100.499997157666	7	100.749997150596	3	100.749997150596	2.28888273239136	100.749997150596	0.410563737154007
100.749997150596	10	100.999997143525	2	100.999997143525	2.28805422782898	100.999997143525	-0.203685104846954
100.999997143525	13	101.249997136455	4	101.249997136455	2.28724575042725	101.249997136455	0.856377124786377
101.249997136455	13	101.499997129384	3	101.499997129384	2.28645801544189	101.499997129384	0.411963671445847
101.499997129384	15	101.749997122314	6	101.749997122314	2.28569078445435	101.749997122314	1.51636040210724
101.749997122314	13	101.999997115243	2	101.999997115243	2.28494238853455	101.999997115243	-0.201484695076942
101.999997115243	11	102.249997108173	5	102.249997108173	2.28421378135681	102.249997108173	1.21453654766083
102.249997108173	12	102.499997101102	9	102.499997101102	2.28350329399109	102.499997101102	2.2388322353363
102.499997101102	13	102.749997094032	3	102.749997094032	2.28281092643738	102.749997094032	0.414069294929504
102.749997094032	13	102.999997086961	1	102.999997086961	2.28213620185852	102.999997086961	-1.28213620185852
102.999997086961	9	103.249997079891	4	103.249997079891	2.28147888183594	103.249997079891	0.859260559082031
103.249997079891	9	103.49999707282	3	103.49999707282	2.28083801269531	103.49999707282	0.415208369493484
103.49999707282	10	103.74999706575	2	103.74999706575	2.2802140712738	103.74999706575	-0.198141276836395
103.74999706575	11	103.999997058679	2	103.999997058679	2.27960562705994	103.999997058679	-0.197711035609245
103.999997058679	14	104.249997051609	4	104.249997051609	2.27901244163513	104.249997051609	0.860493779182434
104.249997051609	9	104.499997044538	3	104.499997044538	2.27843308448791	104.499997044538	0.416596859693527
104.499997044538	10	104.749997037468	2	104.749997037468	2.27787041664124	104.749997037468	-0.196484059095383
104.749997037468	12	104.999997030397	3	104.999997030397	2.27732038497925	104.999997030397	0.417239278554916
104.999997030397	14	105.249997023327	2	105.249997023327	2.27678680419922	105.249997023327	-0.195717826485634
105.249997023327	11	105.499997016257	3	105.499997016257	2.27626633644104	105.499997016257	0.417847812175751
105.499997016257	9	105.749997009186	5	105.749997009186	2.27575755119324	105.749997009186	1.21831822395325
105.749997009186	7	105.999997002116	1	105.999997002116	2.27525973320007	105.999997002116	-1.27525973320007
105.999997002116	11	106.249996995045	0	106.249996995045	2.27477836608887	106.249996995045	-2.27477836608887
106.249996995045	13	106.499996987975	4	106.499996987975	2.27430868148804	106.499996987975	0.862845659255981
106.499996987975	9	106.749996980904	2	106.749996980904	2.27384924888611	106.749996980904	-0.193640664219856
106.749996980904	10	106.999996973834	10	106.999996973834	2.27340340614319	106.999996973834	2.44336438179016
106.999996973834	14	107.249996966763	4	107.249996966763	2.27296733856201	107.249996966763	0.863516330718994
107.249996966763	14	107.499996959693	3	107.499996959693	2.27254390716553	107.499996959693	0.419996976852417
107.499996959693	16	107.749996952622	2	107.749996952622	2.27213001251221	107.749996952622	-0.192424982786179
107.749996952622	13	107.999996945552	5	107.999996945552	2.27172660827637	107.999996945552	1.22012090682983
107.999996945552	13	108.249996938481	1	108.249996938481	2.27133393287659	108.249996938481	-1.27133393287659
108.249996938481	12	108.499996931411	2	108.499996931411	2.27095127105713	108.499996931411	-0.191591486334801
108.499996931411	8	108.74999692434	2	108.74999692434	2.27057814598083	108.74999692434	-0.191327646374702
108.74999692434	8	108.99999691727	2	108.99999691727	2.27021479606628	108.99999691727	-0.191070720553398
108.99999691727	8	109.249996910199	2	109.249996910199	2.26986050605774	109.249996910199	-0.190820187330246
109.249996910199	10	109.499996903129	2	109.499996903129	2.26951503753662	109.499996903129	-0.190575912594795
109.499996903129	13	109.749996896058	4	109.749996896058	2.26917862892151	109.749996896058	0.865410685539246
109.749996896058	15	109.999996888988	0	109.999996888988	2.26885080337524	109.999996888988	-2.26885080337524
109.999996888988	15	110.249996881917	8	110.249996881917	2.26853108406067	110.249996881917	2.02638030052185
110.249996881917	11	110.499996874847	3	110.499996874847	2.26821947097778	110.499996874847	0.422493696212769
110.499996874847	11	110.749996867776	4	110.749996867776	2.26791572570801	110.749996867776	0.866042137145996
110.749996867776	10	110.999996860706	3	110.999996860706	2.26761984825134	110.999996860706	0.422839879989624
110.999996860706	18	111.249996853635	4	111.249996853635	2.26733183860779	111.249996853635	0.866334080696106
111.249996853635	15	111.499996846565	4	111.499996846565	2.26705098152161	111.499996846565	0.866474509239197
111.499996846565	9	111.749996839494	4	111.749996839494	2.26677703857422	111.749996839494	0.866611480712891
111.749996839494	7	111.999996832424	3	111.999996832424	2.26651048660278	111.999996832424	0.423480361700058
111.999996832424	13	112.249996825354	4	112.249996825354	2.26625108718872	112.249996825354	0.86687445640564
112.249996825354	10	112.499996818283	5	112.499996818283	2.26599669456482	112.499996818283	1.22268342971802
112.499996818283	14	112.749996811213	5	112.749996811213	2.26574897766113	112.749996811213	1.22279417514801
112.749996811213	7	112.999996804142	4	112.999996804142	2.2655086517334	112.999996804142	0.867245674133301
112.999996804142	11	113.249996797072	2	113.249996797072	2.26527404785156	113.249996797072	-0.187577083706856
113.249996797072	12	113.499996790001	5	113.499996790001	2.26504564285278	113.499996790001	1.22310876846313
113.499996790001	16	113.749996782931	6	113.749996782931	2.26482272148132	113.749996782931	1.52487969398499
113.749996782931	10	113.99999677586	5	113.99999677586	2.26460576057434	113.99999677586	1.22330546379089
113.99999677586	11	114.24999676879	2	114.24999676879	2.2643940448761	114.24999676879	-0.186954826116562
114.24999676879	11	114.499996761719	4	114.499996761719	2.2641875743866	114.499996761719	0.867906212806702
114.499996761719	9	114.749996754649	5	114.749996754649	2.26398658752441	114.749996754649	1.22358238697052
114.749996754649	8	114.999996747578	10	114.999996747578	2.26379084587097	114.999996747578	2.44640421867371
114.999996747578	19	115.249996740508	4	115.249996740508	2.26359987258911	115.249996740508	0.868200063705444
115.249996740508	9	115.499996733437	0	115.499996733437	2.26341390609741	115.499996733437	-2.26341390609741
115.499996733437	12	115.749996726367	3	115.749996726367	2.26323246955872	115.749996726367	0.425372928380966
115.749996726367	14	115.999996719296	6	115.999996719296	2.2630558013916	115.999996719296	1.52560102939606
115.999996719296	12	116.249996712226	8	116.249996712226	2.26288366317749	116.249996712226	2.02837681770325
116.249996712226	12	116.499996705155	1	116.499996705155	2.2627158164978	116.499996705155	-1.2627158164978
116.499996705155	11	116.749996698085	1	116.749996698085	2.26255226135254	116.749996698085	-1.26255226135254
116.749996698085	15	116.999996691014	2	116.999996691014	2.26239275932312	116.999996691014	-0.185539692640305
116.999996691014	8	117.249996683944	5	117.249996683944	2.26223731040955	117.249996683944	1.22436463832855
117.249996683944	9	117.499996676873	3	117.499996676873	2.26208591461182	117.499996676873	0.426034897565842
117.499996676873	8	117.749996669803	2	117.749996669803	2.26193833351135	117.749996669803	-0.185218378901482
117.749996669803	14	117.999996662732	1	117.999996662732	2.26179480552673	117.999996662732	-1.26179480552673
117.999996662732	13	118.249996655662	4	118.249996655662	2.26165461540222	118.249996655662	0.869172692298889
118.249996655662	17	118.499996648591	3	118.499996648591	2.2615180015564	118.499996648591	0.426362782716751
118.499996648591	14	118.749996641521	3	118.749996641521	2.2613844871521	118.749996641521	0.426439851522446
118.749996641521	5	118.999996634451	3	118.999996634451	2.26125502586365	118.999996634451	0.426514595746994
118.999996634451	13	119.24999662738	3	119.24999662738	2.2611289024353	119.24999662738	0.42658743262291
119.24999662738	15	119.49999662031	2	119.49999662031	2.26100540161133	119.49999662031	-0.184558689594269
119.49999662031	17	119.749996613239	6	119.749996613239	2.26088571548462	119.749996613239	1.526486992836
119.749996613239	9	119.999996606169	2	119.999996606169	2.2607684135437	119.999996606169	-0.184391111135483
119.999996606169	10	120.249996599098	5	120.249996599098	2.26065468788147	120.249996599098	1.2250725030899
120.249996599098	16	120.499996592028	0	120.499996592028	2.26054334640503	120.499996592028	-2.26054334640503
120.499996592028	16	120.749996584957	9	120.749996584957	2.26043486595154	120.749996584957	2.24652171134949
120.749996584957	11	120.999996577887	4	120.999996577887	2.260329246521	120.999996577887	0.869835376739502
120.999996577887	11	121.249996570816	2	121.249996570816	2.2602264881134	121.249996570816	-0.184007912874222
121.249996570816	10	121.499996563746	1	121.499996563746	2.26012635231018	121.499996563746	-1.26012635231018
121.499996563746	8	121.749996556675	3	121.749996556675	2.26002860069275	121.749996556675	0.427222698926926
121.749996556675	13	121.999996549605	3	121.999996549605	2.25993323326111	121.999996549605	0.427277743816376
121.999996549605	8	122.249996542534	2	122.249996542534	2.25984048843384	122.249996542534	-0.183734968304634
122.249996542534	9	122.499996535464	2	122.499996535464	2.25975012779236	122.499996535464	-0.183671072125435
122.499996535464	9	122.749996528393	1	122.749996528393	2.25966191291809	122.749996528393	-1.25966191291809
122.749996528393	7	122.999996521323	3	122.999996521323	2.25957608222961	122.999996521323	0.427483946084976
122.999996521323	9	123.249996514252	5	123.249996514252	2.25949239730835	123.249996514252	1.22559225559235
123.249996514252	9	123.499996507182	1	123.499996507182	2.25941061973572	123.499996507182	-1.25941061973572
123.499996507182	9	123.749996500111	2	123.749996500111	2.25933122634888	123.749996500111	-0.183374866843224
123.749996500111	9	123.999996493041	3	123.999996493041	2.25925374031067	123.999996493041	0.427670061588287
123.999996493041	17	124.24999648597	3	124.24999648597	2.25917840003967	124.24999648597	0.427713543176651
124.24999648597	8	124.4999964789	3	124.4999964789	2.25910472869873	124.4999964789	0.427756071090698
124.4999964789	17	124.749996471829	4	124.749996471829	2.25903272628784	124.749996471829	0.870483636856079
124.749996471829	10	124.999996464759	2	124.999996464759	2.25896286964417	124.999996464759	-0.183114394545555
124.999996464759	8	125.249996457688	4	125.249996457688	2.25889492034912	125.249996457688	0.870552539825439
125.249996457688	13	125.499996450618	4	125.499996450618	2.25882840156555	125.499996450618	0.870585799217224
125.499996450618	11	125.749996443547	7	125.749996443547	2.25876355171204	125.749996443547	1.79201889038086
125.749996443547	4	125.999996436477	5	125.999996436477	2.25870084762573	125.999996436477	1.22594630718231
125.999996436477	13	126.249996429407	2	126.249996429407	2.25863909721374	126.249996429407	-0.182885453104973
126.249996429407	14	126.499996422336	3	126.499996422336	2.25857925415039	126.499996422336	0.428059458732605
126.499996422336	9	126.749996415266	2	126.749996415266	2.25852084159851	126.749996415266	-0.182801842689514
126.749996415266	10	126.999996408195	0	126.999996408195	2.25846409797668	126.999996408195	-2.25846409797668
126.999996408195	12	127.249996401125	4	127.249996401125	2.25840878486633	127.249996401125	0.870795607566834
127.249996401125	7	127.499996394054	2	127.499996394054	2.25835466384888	127.499996394054	-0.182684332132339
127.499996394054	13	127.749996386984	4	127.749996386984	2.2583019733429	127.749996386984	0.870849013328552
127.749996386984	11	127.999996379913	2	127.999996379913	2.25825071334839	127.999996379913	-0.18261082470417
127.999996379913	7	128.249996372843	4	128.249996372843	2.25820064544678	128.249996372843	0.870899677276611
128.249996372843	15	128.499996365772	3	128.499996365772	2.25815200805664	128.499996365772	0.428306132555008
128.499996365772	10	128.749996358702	3	128.749996358702	2.2581045627594	128.749996358702	0.428333520889282
128.749996358702	8	128.999996351631	6	128.999996351631	2.25805830955505	128.999996351631	1.52764129638672
128.999996351631	8	129.249996344561	4	129.249996344561	2.25801301002502	129.249996344561	0.870993494987488
129.249996344561	11	129.49999633749	4	129.49999633749	2.25796914100647	129.49999633749	0.871015429496765
129.49999633749	6	129.74999633042	3	129.74999633042	2.25792622566223	129.74999633042	0.428436487913132
129.74999633042	11	129.999996323349	0	129.999996323349	2.25788450241089	129.999996323349	-2.25788450241089
129.999996323349	7	130.249996316279	3	130.249996316279	2.25784373283386	130.249996316279	0.428484112024307
130.249996316279	14	130.499996309208	2	130.499996309208	2.25780415534973	130.499996309208	-0.182295069098473
130.499996309208	13	130.749996302138	3	130.749996302138	2.25776553153992	130.749996302138	0.428529262542725
130.749996302138	7	130.999996295067	2	130.999996295067	2.25772786140442	130.999996295067	-0.18224111199379
130.999996295067	10	131.249996287997	3	131.249996287997	2.25769114494324	131.249996287997	0.428572207689285
131.249996287997	7	131.499996280926	4	131.499996280926	2.25765538215637	131.499996280926	0.871172308921814
131.499996280926	6	131.749996273856	4	131.749996273856	2.25762057304382	131.749996273856	0.871189713478088
131.749996273856	13	131.999996266785	3	131.999996266785	2.25758671760559	131.999996266785	0.428632497787476
131.999996266785	9	132.249996259715	0	132.249996259715	2.25755333900452	132.249996259715	-2.25755333900452
132.249996259715	8	132.499996252644	3	132.499996252644	2.25752115249634	132.499996252644	0.42867037653923
132.499996252644	13	132.749996245574	1	132.749996245574	2.25748991966248	132.749996245574	-1.25748991966248
132.749996245574	6	132.999996238503	3	132.999996238503	2.25745916366577	132.999996238503	0.428706139326096
132.999996238503	9	133.249996231433	6	133.249996231433	2.2574291229248	133.249996231433	1.5278981924057
133.249996231433	9	133.499996224363	1	133.499996224363	2.25740003585815	133.499996224363	-1.25740003585815
133.499996224363	11	133.749996217292	2	133.749996217292	2.25737190246582	133.749996217292	-0.181989416480064
133.749996217292	13	133.999996210222	6	133.999996210222	2.25734400749207	133.999996210222	1.52793288230896
133.999996210222	13	134.249996203151	5	134.249996203151	2.25731706619263	134.249996203151	1.22656512260437
134.249996203151	13	134.499996196081	1	134.499996196081	2.25729084014893	134.499996196081	-1.25729084014893
134.499996196081	15	134.74999618901	3	134.74999618901	2.25726532936096	134.74999618901	0.428818076848984
134.74999618901	15	134.99999618194	4	134.99999618194	2.25724029541016	134.99999618194	0.871379852294922
134.99999618194	13	135.249996174869	4	135.249996174869	2.25721597671509	135.249996174869	0.871392011642456
135.249996174869	12	135.499996167799	5	135.499996167799	2.25719237327576	135.499996167799	1.22662091255188
135.499996167799	10	135.749996160728	3	135.749996160728	2.25716924667358	135.749996160728	0.428873538970947
135.749996160728	12	135.999996153658	2	135.999996153658	2.25714683532715	135.999996153658	-0.181830272078514
135.999996153658	13	136.249996146587	3	136.249996146587	2.25712490081787	136.249996146587	0.428899139165878
136.249996146587	15	136.499996139517	4	136.499996139517	2.25710344314575	136.499996139517	0.871448278427124
136.499996139517	15	136.749996132446	2	136.749996132446	2.25708270072937	136.749996132446	-0.181784927845001
136.749996132446	13	136.999996125376	5	136.999996125376	2.25706243515015	136.999996125376	1.22667896747589
136.999996125376	9	137.249996118305	2	137.249996118305	2.25704264640808	137.249996118305	-0.181756600737572
137.249996118305	7	137.499996111235	5	137.499996111235	2.25702333450317	137.499996111235	1.22669649124146
137.499996111235	12	137.749996104164	5	137.749996104164	2.25700449943542	137.749996104164	1.22670483589172
137.749996104164	7	137.999996097094	3	137.999996097094	2.25698614120483	137.999996097094	0.428979247808456
137.999996097094	5	138.249996090023	3	138.249996090023	2.2569682598114	138.249996090023	0.428989589214325
138.249996090023	13	138.499996082953	3	138.499996082953	2.25695109367371	138.499996082953	0.428999483585358
138.499996082953	11	138.749996075882	7	138.749996075882	2.25693392753601	138.749996075882	1.79271042346954
138.749996075882	7	138.999996068812	3	138.999996068812	2.25691747665405	138.999996068812	0.429018884897232
138.999996068812	9	139.249996061741	1	139.249996061741	2.25690150260925	139.249996061741	-1.25690150260925
139.249996061741	11	139.499996054671	7	139.499996054671	2.25688576698303	139.499996054671	1.79272866249084
139.499996054671	8	139.7499960476	3	139.7499960476	2.25687050819397	139.7499960476	0.429046005010605
139.7499960476	10	139.99999604053	3	139.99999604053	2.25685548782349	139.99999604053	0.42905467748642
139.99999604053	16	140.249996033459	5	140.249996033459	2.25684094429016	140.249996033459	1.22677803039551
140.249996033459	15	140.499996026389	3	140.499996026389	2.25682687759399	140.499996026389	0.429071187973022
140.499996026389	10	140.749996019319	2	140.749996019319	2.25681304931641	140.749996019319	-0.181594252586365
140.749996019319	7	140.999996012248	2	140.999996012248	2.25679969787598	140.999996012248	-0.181584805250168
140.999996012248	10	141.249996005178	1	141.249996005178	2.25678658485413	141.249996005178	-1.25678658485413
141.249996005178	13	141.499995998107	4	141.499995998107	2.25677371025085	141.499995998107	0.871613144874573
141.499995998107	12	141.749995991037	2	141.749995991037	2.25676131248474	141.749995991037	-0.181557670235634
141.749995991037	14	141.999995983966	6	141.999995983966	2.25674915313721	141.999995983966	1.52817571163178
141.999995983966	11	142.249995976896	5	142.249995976896	2.25673747062683	142.249995976896	1.22682428359985
142.249995976896	6	142.499995969825	2	142.499995969825	2.25672578811646	142.499995969825	-0.181532546877861
142.499995969825	7	142.749995962755	4	142.749995962755	2.25671458244324	142.749995962755	0.871642708778381
142.749995962755	15	142.999995955684	3	142.999995955684	2.25670385360718	142.999995955684	0.429142236709595
142.999995955684	10	143.249995948614	4	143.249995948614	2.25669312477112	143.249995948614	0.871653437614441
143.249995948614	15	143.499995941543	4	143.499995941543	2.25668263435364	143.499995941543	0.871658682823181
143.499995941543	11	143.749995934473	2	143.749995934473	2.25667262077332	143.749995934473	-0.181494951248169
143.749995934473	8	143.999995927402	4	143.999995927402	2.25666260719299	143.999995927402	0.871668696403503
143.999995927402	12	144.249995920332	4	144.249995920332	2.25665307044983	144.249995920332	0.871673464775085
144.249995920332	19	144.499995913261	1	144.499995913261	2.25664377212524	144.499995913261	-1.25664377212524
144.499995913261	12	144.749995906191	5	144.749995906191	2.25663471221924	144.749995906191	1.22687029838562
144.749995906191	11	144.99999589912	7	144.99999589912	2.25662565231323	144.99999589912	1.79282701015472
144.99999589912	10	145.24999589205	5	145.24999589205	2.25661706924438	145.24999589205	1.22687816619873
145.24999589205	11	145.499995884979	1	145.499995884979	2.25660848617554	145.499995884979	-1.25660848617554
145.499995884979	17	145.749995877909	3	145.749995877909	2.25660037994385	145.749995877909	0.42920196056366
145.749995877909	13	145.999995870838	0	145.999995870838	2.25659227371216	145.999995870838	-2.25659227371216
145.999995870838	14	146.249995863768	3	146.249995863768	2.25658440589905	146.249995863768	0.4292111992836
146.249995863768	11	146.499995856697	3	146.499995856697	2.25657677650452	146.499995856697	0.429215610027313
146.499995856697	12	146.749995849627	0	146.749995849627	2.25656938552856	146.749995849627	-2.25656938552856
146.749995849627	6	146.999995842557	2	146.999995842557	2.25656223297119	146.999995842557	-0.181416898965836
146.999995842557	11	147.249995835486	8	147.249995835486	2.25655508041382	147.249995835486	2.03061437606812
147.249995835486	17	147.499995828416	3	147.499995828416	2.25654816627502	147.499995828416	0.429232120513916
147.499995828416	15	147.749995821345	3	147.749995821345	2.25654149055481	147.749995821345	0.429235965013504
147.749995821345	10	147.999995814275	2	147.999995814275	2.25653505325317	147.999995814275	-0.181397676467896
147.999995814275	16	148.249995807204	1	148.249995807204	2.25652861595154	148.249995807204	-1.25652861595154
148.249995807204	11	148.499995800134	4	148.499995800134	2.25652241706848	148.499995800134	0.871738791465759
148.499995800134	10	148.749995793063	2	148.749995793063	2.256516456604	148.749995793063	-0.181384518742561
148.749995793063	11	148.999995785993	3	148.999995785993	2.25651049613953	148.999995785993	0.429253876209259
148.999995785993	15	149.249995778922	1	149.249995778922	2.25650477409363	149.249995778922	-1.25650477409363
149.249995778922	10	149.499995771852	3	149.499995771852	2.25649905204773	149.499995771852	0.429260462522507
149.499995771852	7	149.749995764781	1	149.749995764781	2.25649380683899	149.749995764781	-1.25649380683899
149.749995764781	11	149.999995757711	5	149.999995757711	2.25648832321167	149.999995757711	1.22693574428558
149.999995757711	16	150.24999575064	3	150.24999575064	2.25648331642151	150.24999575064	0.429269552230835
150.24999575064	5	150.49999574357	0	150.49999574357	2.25647807121277	150.49999574357	-2.25647807121277
150.49999574357	7	150.749995736499	2	150.749995736499	2.25647330284119	150.749995736499	-0.181354016065598
150.749995736499	12	150.999995729429	1	150.999995729429	2.2564685344696	150.999995729429	-1.2564685344696
150.999995729429	16	151.249995722358	2	151.249995722358	2.25646376609802	151.249995722358	-0.181347265839577
151.249995722358	9	151.499995715288	5	151.499995715288	2.25645923614502	151.499995715288	1.22694873809814
151.499995715288	11	151.749995708217	1	151.749995708217	2.25645470619202	151.749995708217	-1.25645470619202
151.749995708217	13	151.999995701147	5	151.999995701147	2.25645041465759	151.999995701147	1.2269526720047
151.999995701147	12	152.249995694076	3	152.249995694076	2.25644612312317	152.249995694076	0.429291039705276
152.249995694076	12	152.499995687006	2	152.499995687006	2.25644207000732	152.499995687006	-0.181331932544708
152.499995687006	14	152.749995679935	7	152.749995679935	2.25643801689148	152.749995679935	1.79289793968201
152.749995679935	10	152.999995672865	0	152.999995672865	2.25643420219421	152.999995672865	-2.25643420219421
152.999995672865	12	153.249995665794	5	153.249995665794	2.25643038749695	153.249995665794	1.22696161270142
153.249995665794	12	153.499995658724	3	153.499995658724	2.25642681121826	153.499995658724	0.429302185773849
153.499995658724	8	153.749995651653	6	153.749995651653	2.256422996521	153.749995651653	1.5283088684082
153.749995651653	11	153.999995644583	2	153.999995644583	2.25641965866089	153.999995644583	-0.181316077709198
153.999995644583	13	154.249995637513	3	154.249995637513	2.2564160823822	154.249995637513	0.429308384656906
154.249995637513	8	154.499995630442	3	154.499995630442	2.25641274452209	154.499995630442	0.429310292005539
154.499995630442	11	154.749995623372	3	154.749995623372	2.25640964508057	154.749995623372	0.429312080144882
154.749995623372	9	154.999995616301	3	154.999995616301	2.25640630722046	154.999995616301	0.429314017295837
154.999995616301	9	155.249995609231	4	155.249995609231	2.25640320777893	155.249995609231	0.871798396110535
155.249995609231	12	155.49999560216	6	155.49999560216	2.25640034675598	155.49999560216	1.52831816673279
155.49999560216	11	155.74999559509	3	155.74999559509	2.25639724731445	155.74999559509	0.429319262504578
155.74999559509	10	155.999995588019	1	155.999995588019	2.2563943862915	155.999995588019	-1.2563943862915
155.999995588019	11	156.249995580949	4	156.249995580949	2.25639176368713	156.249995580949	0.871804118156433
156.249995580949	10	156.499995573878	1	156.499995573878	2.25638890266418	156.499995573878	-1.25638890266418
156.499995573878	5	156.749995566808	4	156.749995566808	2.25638628005981	156.749995566808	0.871806859970093
156.749995566808	13	156.999995559737	2	156.999995559737	2.25638365745544	156.999995559737	-0.181290626525879
156.999995559737	10	157.249995552667	6	157.249995552667	2.25638127326965	157.249995552667	1.52832591533661
157.249995552667	7	157.499995545596	1	157.499995545596	2.25637865066528	157.499995545596	-1.25637865066528
157.499995545596	12	157.749995538526	3	157.749995538526	2.25637626647949	157.749995538526	0.429331362247467
157.749995538526	9	157.999995531455	5	157.999995531455	2.25637412071228	157.999995531455	1.22698676586151
157.999995531455	13	158.249995524385	2	158.249995524385	2.25637173652649	158.249995524385	-0.181282192468643
158.249995524385	7	158.499995517314	1	158.499995517314	2.25636959075928	158.499995517314	-1.25636959075928
158.499995517314	11	158.749995510244	2	158.749995510244	2.25636744499207	158.749995510244	-0.18127915263176
158.749995510244	12	158.999995503173	3	158.999995503173	2.25636529922485	158.999995503173	0.429337680339813
158.999995503173	11	159.249995496103	2	159.249995496103	2.25636315345764	159.249995496103	-0.181276127696037
159.249995496103	8	159.499995489032	2	159.499995489032	2.25636124610901	159.499995489032	-0.181274771690369
159.499995489032	1	159.749995481962	4	159.749995481962	2.25635933876038	159.749995481962	0.871820330619812
159.749995481962	13	159.999995474891	3	159.999995474891	2.25635743141174	159.999995474891	0.429342240095139
159.999995474891	13	160.249995467821	3	160.249995467821	2.25635552406311	160.249995467821	0.429343342781067
160.249995467821	5	160.49999546075	6	160.49999546075	2.25635385513306	160.49999546075	1.52833712100983
160.49999546075	11	160.74999545368	1	160.74999545368	2.25635194778442	160.74999545368	-1.25635194778442
160.74999545368	6	160.99999544661	4	160.99999544661	2.25635027885437	160.99999544661	0.871824860572815
160.99999544661	10	161.249995439539	3	161.249995439539	2.25634860992432	161.249995439539	0.429347336292267
161.249995439539	11	161.499995432469	2	161.499995432469	2.25634694099426	161.499995432469	-0.181264653801918
161.499995432469	12	161.749995425398	1	161.749995425398	2.25634551048279	161.749995425398	-1.25634551048279
161.749995425398	8	161.999995418328	4	161.999995418328	2.25634384155273	161.999995418328	0.871828079223633
161.999995418328	12	162.249995411257	3	162.249995411257	2.25634241104126	162.249995411257	0.429350912570953
162.249995411257	10	162.499995404187	2	162.499995404187	2.25634098052979	162.499995404187	-0.181260451674461
162.499995404187	11	162.749995397116	7	162.749995397116	2.25633955001831	162.749995397116	1.79293513298035
162.749995397116	11	162.999995390046	4	162.999995390046	2.25633811950684	162.999995390046	0.871830940246582
162.999995390046	9	163.249995382975	7	163.249995382975	2.25633668899536	163.249995382975	1.79293620586395
163.249995382975	16	163.499995375905	1	163.499995375905	2.25633549690247	163.499995375905	-1.25633549690247
163.499995375905	15	163.749995368834	3	163.749995368834	2.25633406639099	163.749995368834	0.42935574054718
163.749995368834	13	163.999995361764	5	163.999995361764	2.2563328742981	163.999995361764	1.22700524330139
163.999995361764	11	164.249995354693	0	164.249995354693	2.2563316822052	164.249995354693	-2.2563316822052
164.249995354693	10	164.499995347623	6	164.499995347623	2.2563304901123	164.499995347623	1.52834665775299
164.499995347623	14	164.749995340552	1	164.749995340552	2.25632929801941	164.749995340552	-1.25632929801941
164.749995340552	12	164.999995333482	4	164.999995333482	2.25632810592651	164.999995333482	0.871835947036743
164.999995333482	7	165.249995326411	6	165.249995326411	2.25632691383362	165.249995326411	1.52834808826447
165.249995326411	10	165.499995319341	3	165.499995319341	2.2563259601593	165.499995319341	0.429360419511795
165.499995319341	11	165.74999531227	7	165.74999531227	2.25632500648499	165.74999531227	1.79294061660767
165.74999531227	12	165.9999953052	4	165.9999953052	2.25632381439209	165.9999953052	0.871838092803955
165.9999953052	17	166.249995298129	2	166.249995298129	2.25632286071777	166.249995298129	-0.181247636675835
166.249995298129	9	166.499995291059	8	166.499995291059	2.25632190704346	166.499995291059	2.03069686889648
166.499995291059	15	166.749995283988	1	166.749995283988	2.25632095336914	166.749995283988	-1.25632095336914
166.749995283988	8	166.999995276918	2	166.999995276918	2.25631999969482	166.999995276918	-0.181245610117912
166.999995276918	13	167.249995269847	2	167.249995269847	2.25631904602051	167.249995269847	-0.181244939565659
167.249995269847	13	167.499995262777	4	167.499995262777	2.25631833076477	167.499995262777	0.871840834617615
167.499995262777	13	167.749995255706	2	167.749995255706	2.25631737709045	167.749995255706	-0.181243762373924
167.749995255706	8	167.999995248636	1	167.999995248636	2.25631666183472	167.999995248636	-1.25631666183472
167.999995248636	12	168.249995241566	4	168.249995241566	2.2563157081604	168.249995241566	0.8718421459198
168.249995241566	8	168.499995234495	1	168.499995234495	2.25631499290466	168.499995234495	-1.25631499290466
168.499995234495	8	168.749995227425	7	168.749995227425	2.25631427764893	168.749995227425	1.79294466972351
168.749995227425	15	168.999995220354	3	168.999995220354	2.25631356239319	168.999995220354	0.429367572069168
168.999995220354	8	169.249995213284	4	169.249995213284	2.25631284713745	169.249995213284	0.871843576431274
169.249995213284	7	169.499995206213	0	169.499995206213	2.25631213188171	169.499995206213	-2.25631213188171
169.499995206213	9	169.749995199143	2	169.749995199143	2.25631141662598	169.749995199143	-0.181239545345306
169.749995199143	12	169.999995192072	1	169.999995192072	2.25631070137024	169.999995192072	-1.25631070137024
169.999995192072	16	170.249995185002	2	170.249995185002	2.2563099861145	170.249995185002	-0.181238532066345
170.249995185002	9	170.499995177931	4	170.499995177931	2.25630927085876	170.499995177931	0.871845364570618
170.499995177931	7	170.749995170861	3	170.749995170861	2.25630879402161	170.749995170861	0.429370313882828
170.749995170861	16	170.99999516379	7	170.99999516379	2.25630807876587	170.99999516379	1.7929470539093
170.99999516379	13	171.24999515672	2	171.24999515672	2.25630760192871	171.24999515672	-0.18123684823513
171.24999515672	7	171.499995149649	3	171.499995149649	2.25630688667297	171.499995149649	0.429371416568756
171.499995149649	13	171.749995142579	5	171.749995142579	2.25630640983582	171.749995142579	1.22701704502106
171.749995142579	7	171.999995135508	4	171.999995135508	2.25630593299866	171.999995135508	0.871847033500671
171.999995135508	15	172.249995128438	5	172.249995128438	2.25630521774292	172.249995128438	1.2270176410675
172.249995128438	14	172.499995121367	4	172.499995121367	2.25630474090576	172.499995121367	0.871847629547119
172.499995121367	12	172.749995114297	2	172.749995114297	2.2563042640686	172.749995114297	-0.1812344789505
172.749995114297	13	172.999995107226	4	172.999995107226	2.25630378723145	172.999995107226	0.871848106384277
172.999995107226	9	173.249995100156	5	173.249995100156	2.25630331039429	173.249995100156	1.22701847553253
173.249995100156	11	173.499995093085	6	173.499995093085	2.25630283355713	173.499995093085	1.5283579826355
173.499995093085	12	173.749995086015	5	173.749995086015	2.25630235671997	173.749995086015	1.2270188331604
173.749995086015	12	173.999995078944	4	173.999995078944	2.25630187988281	173.999995078944	0.871849060058594
173.999995078944	13	174.249995071874	3	174.249995071874	2.25630140304565	174.249995071874	0.429374575614929
174.249995071874	13	174.499995064803	3	174.499995064803	2.2563009262085	174.499995064803	0.429374873638153
174.499995064803	16	174.749995057733	3	174.749995057733	2.25630068778992	174.749995057733	0.429374992847443
174.749995057733	8	174.999995050662	3	174.999995050662	2.25630021095276	174.999995050662	0.429375261068344
174.999995050662	13	175.249995043592	3	175.249995043592	2.2562997341156	175.249995043592	0.429375559091568
175.249995043592	5	175.499995036522	2	175.499995036522	2.25629949569702	175.499995036522	-0.181231111288071
175.499995036522	13	175.749995029451	6	175.749995029451	2.25629901885986	175.749995029451	1.52835953235626
175.749995029451	9	175.999995022381	5	175.999995022381	2.25629878044128	175.999995022381	1.22702050209045
175.999995022381	12	176.24999501531	4	176.24999501531	2.25629830360413	176.24999501531	0.871850848197937
176.24999501531	9	176.49999500824	1	176.49999500824	2.25629806518555	176.49999500824	-1.25629806518555
176.49999500824	6	176.749995001169	4	176.749995001169	2.25629758834839	176.749995001169	0.871851205825806
176.749995001169	11	176.999994994099	2	176.999994994099	2.25629734992981	176.999994994099	-0.181229591369629
176.999994994099	9	177.249994987028	2	177.249994987028	2.25629711151123	177.249994987028	-0.181229427456856
177.249994987028	14	177.499994979958	4	177.499994979958	2.25629663467407	177.499994979958	0.871851682662964
177.499994979958	19	177.749994972887	5	177.749994972887	2.25629639625549	177.749994972887	1.22702157497406
177.749994972887	10	177.999994965817	3	177.999994965817	2.25629615783691	177.999994965817	0.429377615451813
177.999994965817	13	178.249994958746	2	178.249994958746	2.25629568099976	178.249994958746	-0.181228414177895
178.249994958746	6	178.499994951676	2	178.499994951676	2.25629544258118	178.499994951676	-0.181228250265121
178.499994951676	4	178.749994944605	1	178.749994944605	2.2562952041626	178.749994944605	-1.2562952041626
178.749994944605	13	178.999994937535	4	178.999994937535	2.25629496574402	178.999994937535	0.871852517127991
178.999994937535	7	179.249994930464	5	179.249994930464	2.25629472732544	179.249994930464	1.2270222902298
179.249994930464	9	179.499994923394	4	179.499994923394	2.25629448890686	179.499994923394	0.87185275554657
179.499994923394	14	179.749994916323	6	179.749994916323	2.25629425048828	179.749994916323	1.5283614397049
179.749994916323	12	179.999994909253	1	179.999994909253	2.2562940120697	179.999994909253	-1.2562940120697
179.999994909253	8	180.249994902182	3	180.249994902182	2.25629377365112	180.249994902182	0.429378986358643
180.249994902182	14	180.499994895112	2	180.499994895112	2.25629353523254	180.499994895112	-0.181226894259453
180.499994895112	9	180.749994888041	6	180.749994888041	2.25629329681396	180.749994888041	1.52836191654205
180.749994888041	14	180.999994880971	5	180.999994880971	2.25629305839539	180.999994880971	1.22702300548553
180.999994880971	13	181.2499948739	4	181.2499948739	2.25629281997681	181.2499948739	0.871853590011597
181.2499948739	8	181.49999486683	4	181.49999486683	2.25629258155823	181.49999486683	0.871853709220886
181.49999486683	16	181.749994859759	5	181.749994859759	2.25629234313965	181.749994859759	1.2270233631134
181.749994859759	10	181.999994852689	2	181.999994852689	2.25629234313965	181.999994852689	-0.181226059794426
181.999994852689	13	182.249994845619	3	182.249994845619	2.25629210472107	182.249994845619	0.429379940032959
182.249994845619	9	182.499994838548	4	182.499994838548	2.25629186630249	182.499994838548	0.871854066848755
182.499994838548	11	182.749994831478	1	182.749994831478	2.25629162788391	182.749994831478	-1.25629162788391
182.749994831478	11	182.999994824407	1	182.999994824407	2.25629138946533	182.999994824407	-1.25629138946533
182.999994824407	13	183.249994817337	5	183.249994817337	2.25629138946533	183.249994817337	1.22702383995056
183.249994817337	12	183.499994810266	1	183.499994810266	2.25629115104675	183.499994810266	-1.25629115104675
183.499994810266	13	183.749994803196	1	183.749994803196	2.25629091262817	183.749994803196	-1.25629091262817
183.749994803196	10	183.999994796125	3	183.999994796125	2.25629091262817	183.999994796125	0.429380655288696
183.999994796125	15	184.249994789055	4	184.249994789055	2.25629067420959	184.249994789055	0.871854662895203
184.249994789055	12	184.499994781984	1	184.499994781984	2.25629043579102	184.499994781984	-1.25629043579102
184.499994781984	10	184.749994774914	1	184.749994774914	2.25629043579102	184.749994774914	-1.25629043579102
184.749994774914	14	184.999994767843	1	184.999994767843	2.25629019737244	184.999994767843	-1.25629019737244
184.999994767843	14	185.249994760773	4	185.249994760773	2.25629019737244	185.249994760773	0.871854901313782
185.249994760773	12	185.499994753702	1	185.499994753702	2.25628995895386	185.499994753702	-1.25628995895386
185.499994753702	11	185.749994746632	3	185.749994746632	2.25628972053528	185.749994746632	0.429381340742111
185.749994746632	6	185.999994739561	2	185.999994739561	2.25628972053528	185.999994739561	-0.181224197149277
185.999994739561	17	186.249994732491	2	186.249994732491	2.2562894821167	186.249994732491	-0.181224033236504
186.249994732491	13	186.49999472542	3	186.49999472542	2.2562894821167	186.49999472542	0.429381459951401
186.49999472542	10	186.74999471835	9	186.74999471835	2.25628924369812	186.74999471835	2.24790358543396
186.74999471835	14	186.999994711279	2	186.999994711279	2.25628924369812	186.999994711279	-0.18122386932373
186.999994711279	13	187.249994704209	5	187.249994704209	2.25628900527954	187.249994704209	1.22702491283417
187.249994704209	8	187.499994697138	5	187.499994697138	2.25628900527954	187.499994697138	1.22702491283417
187.499994697138	13	187.749994690068	5	187.749994690068	2.25628876686096	187.749994690068	1.22702491283417
187.749994690068	8	187.999994682997	6	187.999994682997	2.25628876686096	187.999994682997	1.5283637046814
187.999994682997	9	188.249994675927	3	188.249994675927	2.25628876686096	188.249994675927	0.429381877183914
188.249994675927	10	188.499994668856	3	188.499994668856	2.25628852844238	188.499994668856	0.429382026195526
188.499994668856	13	188.749994661786	7	188.749994661786	2.25628852844238	188.749994661786	1.79295444488525
188.749994661786	15	188.999994654715	3	188.999994654715	2.2562882900238	188.999994654715	0.429382145404816
188.999994654715	13	189.249994647645	1	189.249994647645	2.2562882900238	189.249994647645	-1.2562882900238
189.249994647645	14	189.499994640575	3	189.499994640575	2.2562882900238	189.499994640575	0.429382145404816
189.499994640575	12	189.749994633504	2	189.749994633504	2.25628805160522	189.749994633504	-0.181223019957542
189.749994633504	9	189.999994626434	2	189.999994626434	2.25628805160522	189.999994626434	-0.181223019957542
189.999994626434	11	190.249994619363	4	190.249994619363	2.25628781318665	190.249994619363	0.871856093406677
190.249994619363	9	190.499994612293	4	190.499994612293	2.25628781318665	190.499994612293	0.871856093406677
190.499994612293	16	190.749994605222	4	190.749994605222	2.25628781318665	190.749994605222	0.871856093406677
190.749994605222	16	190.999994598152	2	190.999994598152	2.25628757476807	190.999994598152	-0.181222677230835
190.999994598152	11	191.249994591081	4	191.249994591081	2.25628757476807	191.249994591081	0.871856212615967
191.249994591081	8	191.499994584011	5	191.499994584011	2.25628757476807	191.499994584011	1.22702550888062
191.499994584011	12	191.74999457694	5	191.74999457694	2.25628757476807	191.74999457694	1.22702550888062
191.74999457694	9	191.99999456987	1	191.99999456987	2.25628733634949	191.99999456987	-1.25628733634949
191.99999456987	5	192.249994562799	2	192.249994562799	2.25628733634949	192.249994562799	-0.181222513318062
192.249994562799	15	192.499994555729	3	192.499994555729	2.25628733634949	192.499994555729	0.429382711648941
192.499994555729	12	192.749994548658	4	192.749994548658	2.25628709793091	192.749994548658	0.871856451034546
192.749994548658	10	192.999994541588	2	192.999994541588	2.25628709793091	192.999994541588	-0.181222349405289
192.999994541588	18	193.249994534517	2	193.249994534517	2.25628709793091	193.249994534517	-0.181222349405289
193.249994534517	3	193.499994527447	1	193.499994527447	2.25628709793091	193.499994527447	-1.25628709793091
193.499994527447	14	193.749994520376	5	193.749994520376	2.25628685951233	193.749994520376	1.22702586650848
193.749994520376	15	193.999994513306	2	193.999994513306	2.25628685951233	193.999994513306	-0.181222170591354
193.999994513306	15	194.249994506235	5	194.249994506235	2.25628685951233	194.249994506235	1.22702586650848
194.249994506235	9	194.499994499165	1	194.499994499165	2.25628685951233	194.499994499165	-1.25628685951233
194.499994499165	14	194.749994492094	5	194.749994492094	2.25628662109375	194.749994492094	1.22702586650848
194.749994492094	9	194.999994485024	7	194.999994485024	2.25628662109375	194.999994485024	1.79295516014099
194.999994485024	13	195.249994477953	3	195.249994477953	2.25628662109375	195.249994477953	0.429383128881454
195.249994477953	14	195.499994470883	1	195.499994470883	2.25628662109375	195.499994470883	-1.25628662109375
195.499994470883	16	195.749994463812	4	195.749994463812	2.25628662109375	195.749994463812	0.871856689453125
195.749994463812	14	195.999994456742	4	195.999994456742	2.25628638267517	195.999994456742	0.871856808662415
195.999994456742	13	196.249994449672	3	196.249994449672	2.25628638267517	196.249994449672	0.429383248090744
196.249994449672	10	196.499994442601	2	196.499994442601	2.25628638267517	196.499994442601	-0.181221842765808
196.499994442601	10	196.749994435531	2	196.749994435531	2.25628638267517	196.749994435531	-0.181221842765808
196.749994435531	12	196.99999442846	5	196.99999442846	2.25628638267517	196.99999442846	1.22702598571777
196.99999442846	7	197.24999442139	4	197.24999442139	2.25628638267517	197.24999442139	0.871856808662415
197.24999442139	7	197.499994414319	4	197.499994414319	2.25628614425659	197.499994414319	0.871856927871704
197.499994414319	7	197.749994407249	3	197.749994407249	2.25628614425659	197.749994407249	0.429383397102356
197.749994407249	9	197.999994400178	6	197.999994400178	2.25628614425659	197.999994400178	1.528364777565
197.999994400178	9	198.249994393108	3	198.249994393108	2.25628614425659	198.249994393108	0.429383397102356
198.249994393108	13	198.499994386037	3	198.499994386037	2.25628614425659	198.499994386037	0.429383397102356
198.499994386037	11	198.749994378967	2	198.749994378967	2.25628614425659	198.749994378967	-0.181221663951874
198.749994378967	16	198.999994371896	3	198.999994371896	2.25628590583801	198.999994371896	0.429383546113968
198.999994371896	7	199.249994364826	2	199.249994364826	---	199.249994364826	---
199.249994364826	12	199.499994357755	3	199.499994357755	---	199.499994357755	---
199.499994357755	6	199.749994350685	6	199.749994350685	---	199.749994350685	---
