IRF_5Mhz1.ptu	 	p62-60_5MHz_2_OTCSPC; OverallDecay	 	Fitted Curve	 	Residuals	 
Time[ns]	Intensity[Cnts]	Time[ns]	Intensity[Cnts]	Time[ns]	Intensity[Cnts]	Time[ns]	Resids.[StdDev.]
0	1	0.249999992929518	4	0.249999992929518	---	0.249999992929518	---
0.249999992929518	12	0.499999985859036	5	0.499999985859036	---	0.499999985859036	---
0.499999985859036	7	0.749999978788553	1	0.749999978788553	---	0.749999978788553	---
0.749999978788553	13	0.999999971718071	2	0.999999971718071	---	0.999999971718071	---
0.999999971718071	16	1.24999996464759	1	1.24999996464759	---	1.24999996464759	---
1.24999996464759	14	1.49999995757711	0	1.49999995757711	---	1.49999995757711	---
1.49999995757711	13	1.74999995050662	3	1.74999995050662	---	1.74999995050662	---
1.74999995050662	15	1.99999994343614	2	1.99999994343614	---	1.99999994343614	---
1.99999994343614	10	2.24999993636566	4	2.24999993636566	---	2.24999993636566	---
2.24999993636566	15	2.49999992929518	7	2.49999992929518	---	2.49999992929518	---
2.49999992929518	9	2.7499999222247	2	2.7499999222247	---	2.7499999222247	---
2.7499999222247	16	2.99999991515421	8	2.99999991515421	---	2.99999991515421	---
2.99999991515421	6	3.24999990808373	1	3.24999990808373	---	3.24999990808373	---
3.24999990808373	11	3.49999990101325	0	3.49999990101325	---	3.49999990101325	---
3.49999990101325	10	3.74999989394277	2	3.74999989394277	---	3.74999989394277	---
3.74999989394277	14	3.99999988687229	0	3.99999988687229	---	3.99999988687229	---
3.99999988687229	11	4.2499998798018	6	4.2499998798018	---	4.2499998798018	---
4.2499998798018	12	4.49999987273132	7	4.49999987273132	---	4.49999987273132	---
4.49999987273132	10	4.74999986566084	1	4.74999986566084	---	4.74999986566084	---
4.74999986566084	12	4.99999985859036	3	4.99999985859036	---	4.99999985859036	---
4.99999985859036	7	5.24999985151988	3	5.24999985151988	---	5.24999985151988	---
5.24999985151988	9	5.49999984444939	0	5.49999984444939	---	5.49999984444939	---
5.49999984444939	10	5.74999983737891	3	5.74999983737891	---	5.74999983737891	---
5.74999983737891	9	5.99999983030843	5	5.99999983030843	---	5.99999983030843	---
5.99999983030843	10	6.24999982323795	4	6.24999982323795	---	6.24999982323795	---
6.24999982323795	15	6.49999981616746	2	6.49999981616746	---	6.49999981616746	---
6.49999981616746	5	6.74999980909698	4	6.74999980909698	---	6.74999980909698	---
6.74999980909698	14	6.9999998020265	1	6.9999998020265	---	6.9999998020265	---
6.9999998020265	7	7.24999979495602	2	7.24999979495602	---	7.24999979495602	---
7.24999979495602	15	7.49999978788553	4	7.49999978788553	---	7.49999978788553	---
7.49999978788553	9	7.74999978081505	3	7.74999978081505	---	7.74999978081505	---
7.74999978081505	11	7.99999977374457	3	7.99999977374457	---	7.99999977374457	---
7.99999977374457	11	8.24999976667409	4	8.24999976667409	---	8.24999976667409	---
8.24999976667409	10	8.49999975960361	3	8.49999975960361	---	8.49999975960361	---
8.49999975960361	15	8.74999975253313	1	8.74999975253313	---	8.74999975253313	---
8.74999975253313	13	8.99999974546264	8	8.99999974546264	---	8.99999974546264	---
8.99999974546264	13	9.24999973839216	5	9.24999973839216	---	9.24999973839216	---
9.24999973839216	8	9.49999973132168	2	9.49999973132168	---	9.49999973132168	---
9.49999973132168	9	9.7499997242512	6	9.7499997242512	---	9.7499997242512	---
9.7499997242512	13	9.99999971718071	5	9.99999971718071	---	9.99999971718071	---
9.99999971718071	11	10.2499997101102	4	10.2499997101102	---	10.2499997101102	---
10.2499997101102	9	10.4999997030398	4	10.4999997030398	---	10.4999997030398	---
10.4999997030398	14	10.7499996959693	7	10.7499996959693	---	10.7499996959693	---
10.7499996959693	10	10.9999996888988	9	10.9999996888988	---	10.9999996888988	---
10.9999996888988	9	11.2499996818283	3	11.2499996818283	---	11.2499996818283	---
11.2499996818283	9	11.4999996747578	5	11.4999996747578	---	11.4999996747578	---
11.4999996747578	14	11.7499996676873	3	11.7499996676873	---	11.7499996676873	---
11.7499996676873	17	11.9999996606169	6	11.9999996606169	---	11.9999996606169	---
11.9999996606169	7	12.2499996535464	3	12.2499996535464	---	12.2499996535464	---
12.2499996535464	11	12.4999996464759	6	12.4999996464759	---	12.4999996464759	---
12.4999996464759	11	12.7499996394054	0	12.7499996394054	---	12.7499996394054	---
12.7499996394054	17	12.9999996323349	1	12.9999996323349	---	12.9999996323349	---
12.9999996323349	10	13.2499996252644	4	13.2499996252644	---	13.2499996252644	---
13.2499996252644	16	13.499999618194	4	13.499999618194	---	13.499999618194	---
13.499999618194	9	13.7499996111235	3	13.7499996111235	---	13.7499996111235	---
13.7499996111235	6	13.999999604053	4	13.999999604053	---	13.999999604053	---
13.999999604053	16	14.2499995969825	8	14.2499995969825	---	14.2499995969825	---
14.2499995969825	7	14.499999589912	5	14.499999589912	---	14.499999589912	---
14.499999589912	13	14.7499995828416	7	14.7499995828416	---	14.7499995828416	---
14.7499995828416	10	14.9999995757711	7	14.9999995757711	---	14.9999995757711	---
14.9999995757711	11	15.2499995687006	5	15.2499995687006	---	15.2499995687006	---
15.2499995687006	11	15.4999995616301	3	15.4999995616301	---	15.4999995616301	---
15.4999995616301	15	15.7499995545596	5	15.7499995545596	---	15.7499995545596	---
15.7499995545596	8	15.9999995474891	2	15.9999995474891	---	15.9999995474891	---
15.9999995474891	12	16.2499995404187	1	16.2499995404187	---	16.2499995404187	---
16.2499995404187	12	16.4999995333482	4	16.4999995333482	---	16.4999995333482	---
16.4999995333482	9	16.7499995262777	5	16.7499995262777	---	16.7499995262777	---
16.7499995262777	12	16.9999995192072	4	16.9999995192072	---	16.9999995192072	---
16.9999995192072	10	17.2499995121367	5	17.2499995121367	---	17.2499995121367	---
17.2499995121367	15	17.4999995050662	5	17.4999995050662	---	17.4999995050662	---
17.4999995050662	9	17.7499994979958	4	17.7499994979958	---	17.7499994979958	---
17.7499994979958	13	17.9999994909253	0	17.9999994909253	---	17.9999994909253	---
17.9999994909253	12	18.2499994838548	2	18.2499994838548	---	18.2499994838548	---
18.2499994838548	8	18.4999994767843	28	18.4999994767843	---	18.4999994767843	---
18.4999994767843	11	18.7499994697138	351	18.7499994697138	---	18.7499994697138	---
18.7499994697138	62	18.9999994626434	1114	18.9999994626434	---	18.9999994626434	---
18.9999994626434	238	19.2499994555729	1497	19.2499994555729	---	19.2499994555729	---
19.2499994555729	175	19.4999994485024	1491	19.4999994485024	---	19.4999994485024	---
19.4999994485024	68	19.7499994414319	1360	19.7499994414319	---	19.7499994414319	---
19.7499994414319	20	19.9999994343614	1244	19.9999994343614	---	19.9999994343614	---
19.9999994343614	17	20.2499994272909	1186	20.2499994272909	---	20.2499994272909	---
20.2499994272909	10	20.4999994202205	1130	20.4999994202205	---	20.4999994202205	---
20.4999994202205	10	20.74999941315	1032	20.74999941315	---	20.74999941315	---
20.74999941315	15	20.9999994060795	942	20.9999994060795	---	20.9999994060795	---
20.9999994060795	12	21.249999399009	875	21.249999399009	---	21.249999399009	---
21.249999399009	10	21.4999993919385	783	21.4999993919385	---	21.4999993919385	---
21.4999993919385	6	21.7499993848681	719	21.7499993848681	722.022644042969	21.7499993848681	-0.112725600600243
21.7499993848681	11	21.9999993777976	689	21.9999993777976	677.9111328125	21.9999993777976	0.422452181577682
21.9999993777976	13	22.2499993707271	643	22.2499993707271	636.583923339844	22.2499993707271	0.253025352954865
22.2499993707271	13	22.4999993636566	592	22.4999993636566	597.913818359375	22.4999993636566	-0.243056431412697
22.4999993636566	9	22.7499993565861	559	22.7499993565861	561.646911621094	22.7499993565861	-0.111952431499958
22.7499993565861	12	22.9999993495156	531	22.9999993495156	527.672912597656	22.9999993495156	0.144383296370506
22.9999993495156	5	23.2499993424452	510	23.2499993424452	495.81103515625	23.2499993424452	0.628297924995422
23.2499993424452	16	23.4999993353747	460	23.4999993353747	465.970733642578	23.4999993353747	-0.278386890888214
23.4999993353747	13	23.7499993283042	449	23.7499993283042	438.015106201172	23.7499993283042	0.518409192562103
23.7499993283042	11	23.9999993212337	413	23.9999993212337	411.810729980469	23.9999993212337	0.0585201531648636
23.9999993212337	14	24.2499993141632	379	24.2499993141632	387.253295898438	24.2499993141632	-0.423943340778351
24.2499993141632	12	24.4999993070927	358	24.4999993070927	364.238159179687	24.4999993070927	-0.329696953296661
24.4999993070927	5	24.7499993000223	315	24.7499993000223	342.670745849609	24.7499993000223	-1.55906987190247
24.7499993000223	11	24.9999992929518	295	24.9999992929518	322.443115234375	24.9999992929518	-1.59779989719391
24.9999992929518	12	25.2499992858813	303	25.2499992858813	303.471832275391	25.2499992858813	-0.0271060559898615
25.2499992858813	10	25.4999992788108	306	25.4999992788108	285.707092285156	25.4999992788108	1.16006827354431
25.4999992788108	6	25.7499992717403	275	25.7499992717403	269.031890869141	25.7499992717403	0.359890520572662
25.7499992717403	15	25.9999992646699	268	25.9999992646699	253.392791748047	25.9999992646699	0.892277240753174
25.9999992646699	11	26.2499992575994	247	26.2499992575994	238.740600585938	26.2499992575994	0.525533020496368
26.2499992575994	11	26.4999992505289	202	26.4999992505289	224.988342285156	26.4999992505289	-1.61745417118073
26.4999992505289	8	26.7499992434584	217	26.7499992434584	212.094039916992	26.7499992434584	0.33303827047348
26.7499992434584	8	26.9999992363879	214	26.9999992363879	199.999633789062	26.9999992363879	0.957045316696167
26.9999992363879	12	27.2499992293174	177	27.2499992293174	188.650573730469	27.2499992293174	-0.875710725784302
27.2499992293174	6	27.499999222247	167	27.499999222247	177.998870849609	27.499999222247	-0.851118206977844
27.499999222247	8	27.7499992151765	167	27.7499992151765	168.017028808594	27.7499992151765	-0.0787000507116318
27.7499992151765	9	27.999999208106	164	27.999999208106	158.632690429687	27.999999208106	0.419116467237473
27.999999208106	10	28.2499992010355	158	28.2499992010355	149.835739135742	28.2499992010355	0.649513721466065
28.2499992010355	14	28.499999193965	163	28.499999193965	141.573760986328	28.499999193965	1.67823255062103
28.499999193965	9	28.7499991868946	141	28.7499991868946	133.813446044922	28.7499991868946	0.605217039585113
28.7499991868946	14	28.9999991798241	128	28.9999991798241	126.53360748291	28.9999991798241	0.129612013697624
28.9999991798241	11	29.2499991727536	125	29.2499991727536	119.694961547852	29.2499991727536	0.474497050046921
29.2499991727536	8	29.4999991656831	125	29.4999991656831	113.27033996582	29.4999991656831	1.0491327047348
29.4999991656831	14	29.7499991586126	111	29.7499991586126	107.236206054688	29.7499991586126	0.35724350810051
29.7499991586126	12	29.9999991515421	98	29.9999991515421	101.566177368164	29.9999991515421	-0.360238313674927
29.9999991515421	12	30.2499991444717	109	30.2499991444717	96.240966796875	30.2499991444717	1.22209370136261
30.2499991444717	13	30.4999991374012	96	30.4999991374012	91.2304840087891	30.4999991374012	0.486786693334579
30.4999991374012	7	30.7499991303307	86	30.7499991303307	86.5264739990234	30.7499991303307	-0.0567711517214775
30.7499991303307	11	30.9999991232602	73	30.9999991232602	82.1001815795898	30.9999991232602	-1.06509566307068
30.9999991232602	9	31.2499991161897	87	31.2499991161897	77.9418640136719	31.2499991161897	0.971134126186371
31.2499991161897	6	31.4999991091192	64	31.4999991091192	74.0260620117187	31.4999991091192	-1.25325775146484
31.4999991091192	15	31.7499991020488	68	31.7499991020488	70.3450164794922	31.7499991020488	-0.284375011920929
31.7499991020488	10	31.9999990949783	64	31.9999990949783	66.88134765625	31.9999990949783	-0.36016845703125
31.9999990949783	9	32.2499990879078	75	32.2499990879078	63.6202697753906	32.2499990879078	1.31401801109314
32.2499990879078	14	32.4999990808373	52	32.4999990808373	60.5513305664062	32.4999990808373	-1.18585622310638
32.4999990808373	18	32.7499990737668	52	32.7499990737668	57.6598091125488	32.7499990737668	-0.784874320030212
32.7499990737668	15	32.9999990666964	58	32.9999990666964	54.9407958984375	32.9999990666964	0.401693165302277
32.9999990666964	20	33.2499990596259	44	33.2499990596259	52.3736000061035	33.2499990596259	-1.26236772537231
33.2499990596259	12	33.4999990525554	41	33.4999990525554	49.9574546813965	33.4999990525554	-1.39891934394836
33.4999990525554	15	33.7499990454849	49	33.7499990454849	47.6821098327637	33.7499990454849	0.188270017504692
33.7499990454849	13	33.9999990384144	53	33.9999990384144	45.5340461730957	33.9999990384144	1.02552759647369
33.9999990384144	14	34.2499990313439	56	34.2499990313439	43.5095520019531	34.2499990313439	1.66910636425018
34.2499990313439	7	34.4999990242735	35	34.4999990242735	41.5992164611816	34.4999990242735	-1.11547112464905
34.4999990242735	7	34.749999017203	36	34.749999017203	39.7960777282715	34.749999017203	-0.632679641246796
34.749999017203	10	34.9999990101325	36	34.9999990101325	38.0945854187012	34.9999990101325	-0.349097579717636
34.9999990101325	11	35.249999003062	38	35.249999003062	36.4877510070801	35.249999003062	0.245319187641144
35.249999003062	11	35.4999989959915	34	35.4999989959915	34.970386505127	35.4999989959915	-0.16641990840435
35.4999989959915	8	35.749998988921	34	35.749998988921	33.5353889465332	35.749998988921	0.0796801373362541
35.749998988921	14	35.9999989818506	22	35.9999989818506	32.1799697875977	35.9999989818506	-2.17037677764893
35.9999989818506	13	36.2499989747801	31	36.2499989747801	30.8988609313965	36.2499989747801	0.0181651134043932
36.2499989747801	11	36.4999989677096	31	36.4999989677096	29.686653137207	36.4999989677096	0.235884055495262
36.4999989677096	14	36.7499989606391	25	36.7499989606391	28.5393524169922	36.7499989606391	-0.707870483398438
36.7499989606391	12	36.9999989535686	36	36.9999989535686	27.453031539917	36.9999989535686	1.42449474334717
36.9999989535686	6	37.2499989464982	34	37.2499989464982	26.424919128418	37.2499989464982	1.2991156578064
37.2499989464982	6	37.4999989394277	31	37.4999989394277	25.4504795074463	37.4999989394277	0.996723294258118
37.4999989394277	12	37.7499989323572	29	37.7499989323572	24.527271270752	37.7499989323572	0.830564856529236
37.7499989323572	11	37.9999989252867	20	37.9999989252867	23.6515502929687	37.9999989252867	-0.816511452198029
37.9999989252867	8	38.2499989182162	30	38.2499989182162	22.8212661743164	38.2499989182162	1.31065154075623
38.2499989182162	15	38.4999989111457	20	38.4999989111457	22.0330486297607	38.4999989111457	-0.454603493213654
38.4999989111457	12	38.7499989040753	20	38.7499989040753	21.2846717834473	38.7499989040753	-0.287261337041855
38.7499989040753	9	38.9999988970048	23	38.9999988970048	20.5736541748047	38.9999988970048	0.505928099155426
38.9999988970048	10	39.2499988899343	21	39.2499988899343	19.8985633850098	39.2499988899343	0.240353167057037
39.2499988899343	10	39.4999988828638	24	39.4999988828638	19.2562713623047	39.4999988828638	0.968309581279755
39.4999988828638	12	39.7499988757933	18	39.7499988757933	18.6457366943359	39.7499988757933	-0.152201592922211
39.7499988757933	13	39.9999988687229	27	39.9999988687229	18.0644550323486	39.9999988687229	1.71964645385742
39.9999988687229	6	40.2499988616524	17	40.2499988616524	17.5113964080811	40.2499988616524	-0.124031849205494
40.2499988616524	13	40.4999988545819	10	40.4999988545819	16.9835262298584	40.4999988545819	-2.20838499069214
40.4999988545819	8	40.7499988475114	17	40.7499988475114	16.4813251495361	40.7499988475114	0.125797122716904
40.7499988475114	12	40.9999988404409	14	40.9999988404409	16.0022621154785	40.9999988404409	-0.53512704372406
40.9999988404409	22	41.2499988333704	17	41.2499988333704	15.5457229614258	41.2499988333704	0.352714002132416
41.2499988333704	14	41.4999988263	20	41.4999988263	15.1100406646729	41.4999988263	1.09342813491821
41.4999988263	16	41.7499988192295	23	41.7499988192295	14.6925563812256	41.7499988192295	1.73222172260284
41.7499988192295	16	41.999998812159	21	41.999998812159	14.2946920394897	41.999998812159	1.46321821212769
41.999998812159	16	42.2499988050885	12	42.2499988050885	13.9151287078857	42.2499988050885	-0.552850008010864
42.2499988050885	7	42.499998798018	15	42.499998798018	13.5502834320068	42.499998798018	0.374315202236176
42.499998798018	15	42.7499987909476	10	42.7499987909476	13.2029142379761	42.7499987909476	-1.01285040378571
42.7499987909476	8	42.9999987838771	15	42.9999987838771	12.8689651489258	42.9999987838771	0.550230860710144
42.9999987838771	15	43.2499987768066	10	43.2499987768066	12.5498342514038	43.2499987768066	-0.806328415870666
43.2499987768066	11	43.4999987697361	9	43.4999987697361	12.2436695098877	43.4999987697361	-1.08122313022614
43.4999987697361	17	43.7499987626656	13	43.7499987626656	11.950680732727	43.7499987626656	0.291028797626495
43.7499987626656	17	43.9999987555951	21	43.9999987555951	11.6689081192017	43.9999987555951	2.03621125221252
43.9999987555951	4	44.2499987485247	12	44.2499987485247	11.3990354537964	44.2499987485247	0.173483520746231
44.2499987485247	5	44.4999987414542	13	44.4999987414542	11.1392974853516	44.4999987414542	0.516066014766693
44.4999987414542	13	44.7499987343837	19	44.7499987343837	10.8898878097534	44.7499987343837	1.86058735847473
44.7499987343837	18	44.9999987273132	10	44.9999987273132	10.6501750946045	44.9999987273132	-0.205603420734406
44.9999987273132	16	45.2499987202427	14	45.2499987202427	10.4195404052734	45.2499987202427	0.956918060779572
45.2499987202427	9	45.4999987131722	14	45.4999987131722	10.19748878479	45.4999987131722	1.0162638425827
45.4999987131722	11	45.7499987061018	10	45.7499987061018	9.98382663726807	45.7499987061018	0.00511446641758084
45.7499987061018	6	45.9999986990313	16	45.9999986990313	9.77805137634277	45.9999986990313	1.55548715591431
45.9999986990313	14	46.2499986919608	8	46.2499986919608	9.57971954345703	46.2499986919608	-0.558515191078186
46.2499986919608	12	46.4999986848903	10	46.4999986848903	9.38840866088867	46.4999986848903	0.193402156233788
46.4999986848903	10	46.7499986778198	10	46.7499986778198	9.20398998260498	46.7499986778198	0.251720458269119
46.7499986778198	7	46.9999986707494	12	46.9999986707494	9.02592945098877	46.9999986707494	0.858540236949921
46.9999986707494	14	47.2499986636789	9	47.2499986636789	8.85410690307617	47.2499986636789	0.0486310310661793
47.2499986636789	13	47.4999986566084	6	47.4999986566084	8.68796634674072	47.4999986566084	-1.09735763072968
47.4999986566084	12	47.7499986495379	7	47.7499986495379	8.52755451202393	47.7499986495379	-0.577361345291138
47.7499986495379	12	47.9999986424674	11	47.9999986424674	8.37243366241455	47.9999986424674	0.792241036891937
47.9999986424674	13	48.2499986353969	9	48.2499986353969	8.2225456237793	48.2499986353969	0.259151458740234
48.2499986353969	8	48.4999986283265	4	48.4999986283265	8.07728862762451	48.4999986283265	-2.03864431381226
48.4999986283265	7	48.749998621256	4	48.749998621256	7.93686389923096	48.749998621256	-1.96843194961548
48.749998621256	10	48.9999986141855	3	48.9999986141855	7.80086421966553	48.9999986141855	-2.77178025245666
48.9999986141855	11	49.249998607115	10	49.249998607115	7.66901206970215	49.249998607115	0.737123131752014
49.249998607115	7	49.4999986000445	10	49.4999986000445	7.54118061065674	49.4999986000445	0.777546942234039
49.4999986000445	6	49.7499985929741	6	49.7499985929741	7.41703319549561	49.7499985929741	-0.578501403331757
49.7499985929741	3	49.9999985859036	6	49.9999985859036	7.29708003997803	49.9999985859036	-0.529530704021454
49.9999985859036	11	50.2499985788331	6	50.2499985788331	7.18052577972412	50.2499985788331	-0.481947630643845
50.2499985788331	10	50.4999985717626	9	50.4999985717626	7.06735801696777	50.4999985717626	0.644213974475861
50.4999985717626	11	50.7499985646921	12	50.7499985646921	6.95813083648682	50.7499985646921	1.45546221733093
50.7499985646921	5	50.9999985576216	4	50.9999985576216	6.85111427307129	50.9999985576216	-1.42555713653564
50.9999985576216	10	51.2499985505512	6	51.2499985505512	6.74773216247559	51.2499985505512	-0.305260390043259
51.2499985505512	11	51.4999985434807	10	51.4999985434807	6.6472282409668	51.4999985434807	1.06023955345154
51.4999985434807	7	51.7499985364102	7	51.7499985364102	6.54943752288818	51.7499985364102	0.170296609401703
51.7499985364102	11	51.9999985293397	8	51.9999985293397	6.45421123504639	51.9999985293397	0.546518862247467
51.9999985293397	13	52.2499985222692	7	52.2499985222692	6.36171722412109	52.2499985222692	0.241248220205307
52.2499985222692	13	52.4999985151987	9	52.4999985151987	6.27181529998779	52.4999985151987	0.909394919872284
52.4999985151987	14	52.7499985081283	5	52.7499985081283	6.18439769744873	52.7499985081283	-0.529678761959076
52.7499985081283	9	52.9999985010578	5	52.9999985010578	6.09908819198608	52.9999985010578	-0.491527169942856
52.9999985010578	9	53.2499984939873	6	53.2499984939873	6.01622676849365	53.2499984939873	-0.00662455055862665
53.2499984939873	11	53.4999984869168	11	53.4999984869168	5.93536853790283	53.4999984869168	1.52704381942749
53.4999984869168	6	53.7499984798463	7	53.7499984798463	5.856764793396	53.7499984798463	0.432102292776108
53.7499984798463	10	53.9999984727759	6	53.9999984727759	5.7801342010498	53.9999984727759	0.0897598341107368
53.9999984727759	9	54.2499984657054	10	54.2499984657054	5.70543956756592	54.2499984657054	1.35805928707123
54.2499984657054	8	54.4999984586349	11	54.4999984586349	5.63266277313232	54.4999984586349	1.61831307411194
54.4999984586349	9	54.7499984515644	5	54.7499984515644	5.56174278259277	54.7499984515644	-0.251219004392624
54.7499984515644	16	54.9999984444939	7	54.9999984444939	5.49257326126099	54.9999984444939	0.569753766059876
54.9999984444939	11	55.2499984374234	6	55.2499984374234	5.42510890960693	55.2499984374234	0.234698310494423
55.2499984374234	7	55.499998430353	6	55.499998430353	5.35932636260986	55.499998430353	0.261553913354874
55.499998430353	5	55.7499984232825	7	55.7499984232825	5.2951135635376	55.7499984232825	0.644386529922485
55.7499984232825	11	55.999998416212	7	55.999998416212	5.23249912261963	55.999998416212	0.668052554130554
55.999998416212	12	56.2499984091415	6	56.2499984091415	5.17140436172485	56.2499984091415	0.338272750377655
56.2499984091415	7	56.499998402071	2	56.499998402071	5.111741065979	56.499998402071	-2.20033311843872
56.499998402071	9	56.7499983950006	6	56.7499983950006	5.05362510681152	56.7499983950006	0.386355936527252
56.7499983950006	19	56.9999983879301	7	56.9999983879301	4.99671173095703	56.9999983879301	0.757171809673309
56.9999983879301	8	57.2499983808596	9	57.2499983808596	4.94122791290283	57.2499983808596	1.35292398929596
57.2499983808596	10	57.4999983737891	5	57.4999983737891	4.887038230896	57.4999983737891	0.0505180396139622
57.4999983737891	10	57.7499983667186	5	57.7499983667186	4.83410263061523	57.7499983667186	0.0741915553808212
57.7499983667186	12	57.9999983596481	6	57.9999983596481	4.78221702575684	57.9999983596481	0.49715781211853
57.9999983596481	7	58.2499983525777	6	58.2499983525777	4.73183870315552	58.2499983525777	0.517724692821503
58.2499983525777	12	58.4999983455072	6	58.4999983455072	4.68252944946289	58.4999983455072	0.537855088710785
58.4999983455072	14	58.7499983384367	7	58.7499983384367	4.63433837890625	58.7499983384367	0.894136071205139
58.7499983384367	10	58.9999983313662	7	58.9999983313662	4.58711528778076	58.9999983313662	0.91198468208313
58.9999983313662	9	59.2499983242957	4	59.2499983242957	4.54116344451904	59.2499983242957	-0.270581722259521
59.2499983242957	8	59.4999983172253	6	59.4999983172253	4.4961633682251	59.4999983172253	0.613938748836517
59.4999983172253	11	59.7499983101548	7	59.7499983101548	4.45226097106934	59.7499983101548	0.962954819202423
59.7499983101548	9	59.9999983030843	4	59.9999983030843	4.40916442871094	59.9999983030843	-0.204582214355469
59.9999983030843	13	60.2499982960138	4	60.2499982960138	4.36718225479126	60.2499982960138	-0.18359112739563
60.2499982960138	16	60.4999982889433	7	60.4999982889433	4.32598400115967	60.4999982889433	1.01068305969238
60.4999982889433	11	60.7499982818728	7	60.7499982818728	4.2857494354248	60.7499982818728	1.02589023113251
60.7499982818728	14	60.9999982748024	7	60.9999982748024	4.24652147293091	60.9999982748024	1.04071700572968
60.9999982748024	8	61.2499982677319	3	61.2499982677319	4.20803928375244	61.2499982677319	-0.697461783885956
61.2499982677319	8	61.4999982606614	6	61.4999982606614	4.17044067382812	61.4999982606614	0.746914446353912
61.4999982606614	8	61.7499982535909	5	61.7499982535909	4.13369131088257	61.7499982535909	0.387425035238266
61.7499982535909	9	61.9999982465204	3	61.9999982465204	4.09771728515625	61.9999982465204	-0.633767366409302
61.9999982465204	17	62.2499982394499	2	62.2499982394499	4.06254911422729	62.2499982394499	-1.4584424495697
62.2499982394499	11	62.4999982323795	6	62.4999982323795	4.0281229019165	62.4999982323795	0.805015444755554
62.4999982323795	9	62.749998225309	3	62.749998225309	3.99443435668945	62.749998225309	-0.574136972427368
62.749998225309	14	62.9999982182385	5	62.9999982182385	3.96151065826416	62.9999982182385	0.464426547288895
62.9999982182385	12	63.249998211168	3	63.249998211168	3.92927241325378	63.249998211168	-0.536515653133392
63.249998211168	14	63.4999982040975	3	63.4999982040975	3.89774250984192	63.4999982040975	-0.518311858177185
63.4999982040975	8	63.749998197027	3	63.749998197027	3.86688470840454	63.749998197027	-0.50049614906311
63.749998197027	10	63.9999981899566	9	63.9999981899566	3.83668065071106	63.9999981899566	1.72110641002655
63.9999981899566	10	64.2499981828861	8	64.2499981828861	3.80713939666748	64.2499981828861	1.48240005970001
64.2499981828861	5	64.4999981758156	4	64.4999981758156	3.77822399139404	64.4999981758156	0.110888004302979
64.4999981758156	8	64.7499981687451	2	64.7499981687451	3.74992561340332	64.7499981687451	-1.23738431930542
64.7499981687451	8	64.9999981616746	6	64.9999981616746	3.72220659255981	64.9999981616746	0.929905235767364
64.9999981616746	11	65.2499981546042	4	65.2499981546042	3.69514036178589	65.2499981546042	0.152429819107056
65.2499981546042	8	65.4999981475337	3	65.4999981475337	3.66854691505432	65.4999981475337	-0.385985732078552
65.4999981475337	11	65.7499981404632	2	65.7499981404632	3.64255905151367	65.7499981404632	-1.16146469116211
65.7499981404632	19	65.9999981333927	7	65.9999981333927	3.61714959144592	65.9999981333927	1.27859723567963
65.9999981333927	14	66.2499981263222	3	66.2499981263222	3.59231472015381	66.2499981263222	-0.341973066329956
66.2499981263222	14	66.4999981192517	3	66.4999981192517	3.56792116165161	66.4999981192517	-0.327889442443848
66.4999981192517	8	66.7499981121813	2	66.7499981121813	3.54407548904419	66.7499981121813	-1.09182620048523
66.7499981121813	12	66.9999981051108	3	66.9999981051108	3.52072191238403	66.9999981051108	-0.300638943910599
66.9999981051108	14	67.2499980980403	8	67.2499980980403	3.49784779548645	67.2499980980403	1.5917512178421
67.2499980980403	7	67.4999980909698	7	67.4999980909698	3.47555685043335	67.4999980909698	1.33211433887482
67.4999980909698	6	67.7499980838993	7	67.7499980838993	3.45354700088501	67.7499980838993	1.34043323993683
67.7499980838993	6	67.9999980768289	1	67.9999980768289	3.4321620464325	67.9999980768289	-2.4321620464325
67.9999980768289	7	68.2499980697584	6	68.2499980697584	3.41113591194153	68.2499980697584	1.05689930915833
68.2499980697584	14	68.4999980626879	4	68.4999980626879	3.39057421684265	68.4999980626879	0.304712891578674
68.4999980626879	6	68.7499980556174	5	68.7499980556174	3.37046384811401	68.7499980556174	0.728750705718994
68.7499980556174	8	68.9999980485469	3	68.9999980485469	3.35074710845947	68.9999980485469	-0.202503934502602
68.9999980485469	13	69.2499980414764	6	69.2499980414764	3.33146095275879	69.2499980414764	1.08942651748657
69.2499980414764	5	69.499998034406	7	69.499998034406	3.31255578994751	69.499998034406	1.39372289180756
69.499998034406	11	69.7499980273355	9	69.7499980273355	3.2940616607666	69.7499980273355	1.90197944641113
69.7499980273355	10	69.999998020265	5	69.999998020265	3.27593660354614	69.999998020265	0.771024584770203
69.999998020265	11	70.2499980131945	5	70.2499980131945	3.25822854042053	70.2499980131945	0.77894389629364
70.2499980131945	8	70.499998006124	5	70.499998006124	3.24084854125977	70.499998006124	0.786716461181641
70.499998006124	6	70.7499979990535	2	70.7499979990535	3.22384119033814	70.7499979990535	-0.865386426448822
70.7499979990535	11	70.9999979919831	4	70.9999979919831	3.20719432830811	70.9999979919831	0.396402835845947
70.9999979919831	19	71.2499979849126	3	71.2499979849126	3.19087314605713	71.2499979849126	-0.11020066589117
71.2499979849126	10	71.4999979778421	4	71.4999979778421	3.17490792274475	71.4999979778421	0.412546038627625
71.4999979778421	11	71.7499979707716	5	71.7499979707716	3.15926814079285	71.7499979707716	0.823200285434723
71.7499979707716	13	71.9999979637011	5	71.9999979637011	3.14395260810852	71.9999979637011	0.830049633979797
71.9999979637011	12	72.2499979566307	2	72.2499979566307	3.12895321846008	72.2499979566307	-0.798290491104126
72.2499979566307	16	72.4999979495602	5	72.4999979495602	3.11427164077759	72.4999979495602	0.843323349952698
72.4999979495602	10	72.7499979424897	5	72.7499979424897	3.09989452362061	72.7499979424897	0.849753022193909
72.7499979424897	13	72.9999979354192	1	72.9999979354192	3.0858097076416	72.9999979354192	-2.0858097076416
72.9999979354192	15	73.2499979283487	6	73.2499979283487	3.07201337814331	73.2499979283487	1.19534552097321
73.2499979283487	9	73.4999979212782	1	73.4999979212782	3.05848789215088	73.4999979212782	-2.05848789215088
73.4999979212782	9	73.7499979142078	3	73.7499979142078	3.04527473449707	73.7499979142078	-0.0261393804103136
73.7499979142078	13	73.9999979071373	10	73.9999979071373	3.03229212760925	73.9999979071373	2.20338273048401
73.9999979071373	16	74.2499979000668	1	74.2499979000668	3.01958513259888	74.2499979000668	-2.01958513259888
74.2499979000668	16	74.4999978929963	5	74.4999978929963	3.00720953941345	74.4999978929963	0.891202986240387
74.4999978929963	14	74.7499978859258	2	74.7499978859258	2.9950156211853	74.7499978859258	-0.703582286834717
74.7499978859258	9	74.9999978788553	4	74.9999978788553	2.98310947418213	74.9999978788553	0.508445262908936
74.9999978788553	10	75.2499978717849	5	75.2499978717849	2.97144722938538	75.2499978717849	0.907196402549744
75.2499978717849	7	75.4999978647144	5	75.4999978647144	2.95999670028687	75.4999978647144	0.912317216396332
75.4999978647144	14	75.7499978576439	2	75.7499978576439	2.94877314567566	75.7499978576439	-0.67088395357132
75.7499978576439	15	75.9999978505734	2	75.9999978505734	2.93786144256592	75.9999978505734	-0.66316819190979
75.9999978505734	10	76.2499978435029	4	76.2499978435029	2.92710399627686	76.2499978435029	0.536448001861572
76.2499978435029	9	76.4999978364325	5	76.4999978364325	2.9165472984314	76.4999978364325	0.931748390197754
76.4999978364325	12	76.749997829362	4	76.749997829362	2.90625	76.749997829362	0.546875
76.749997829362	15	76.9999978222915	4	76.9999978222915	2.89617466926575	76.9999978222915	0.551912665367126
76.9999978222915	11	77.249997815221	2	77.249997815221	2.88626909255981	77.249997815221	-0.626686871051788
77.249997815221	11	77.4999978081505	4	77.4999978081505	2.87662172317505	77.4999978081505	0.561689138412476
77.4999978081505	17	77.74999780108	2	77.74999780108	2.86711978912354	77.74999780108	-0.613146305084228
77.74999780108	8	77.9999977940096	6	77.9999977940096	2.85785865783691	77.9999977940096	1.28277385234833
77.9999977940096	11	78.2499977869391	3	78.2499977869391	2.84876012802124	78.2499977869391	0.0873183831572533
78.2499977869391	17	78.4999977798686	3	78.4999977798686	2.83984184265137	78.4999977798686	0.0924673527479172
78.4999977798686	14	78.7499977727981	3	78.7499977727981	2.83111524581909	78.7499977727981	0.097505658864975
78.7499977727981	19	78.9999977657276	4	78.9999977657276	2.82257342338562	78.9999977657276	0.58871328830719
78.9999977657276	9	79.2499977586572	9	79.2499977586572	2.81420969963074	79.2499977586572	2.06193017959595
79.2499977586572	7	79.4999977515867	3	79.4999977515867	2.80600643157959	79.4999977515867	0.112002238631248
79.4999977515867	8	79.7499977445162	3	79.7499977445162	2.79797673225403	79.7499977445162	0.116638191044331
79.7499977445162	9	79.9999977374457	6	79.9999977374457	2.79011344909668	79.9999977374457	1.31043064594269
79.9999977374457	12	80.2499977303752	0	80.2499977303752	2.78241109848022	80.2499977303752	-2.78241109848022
80.2499977303752	13	80.4999977233047	3	80.4999977233047	2.77486705780029	80.4999977233047	0.129980564117432
80.4999977233047	16	80.7499977162343	3	80.7499977162343	2.76747941970825	80.7499977162343	0.134245812892914
80.7499977162343	9	80.9999977091638	3	80.9999977091638	2.76023888587952	80.9999977091638	0.138426139950752
80.9999977091638	13	81.2499977020933	4	81.2499977020933	2.75315022468567	81.2499977020933	0.623424887657166
81.2499977020933	5	81.4999976950228	5	81.4999976950228	2.74620294570923	81.4999976950228	1.00792872905731
81.4999976950228	17	81.7499976879523	3	81.7499976879523	2.73941731452942	81.7499976879523	0.150447487831116
81.7499976879523	13	81.9999976808818	3	81.9999976808818	2.73274493217468	81.9999976808818	0.154299780726433
81.9999976808818	9	82.2499976738114	6	82.2499976738114	2.72623372077942	82.2499976738114	1.33650946617126
82.2499976738114	13	82.4999976667409	7	82.4999976667409	2.71984243392944	82.4999976667409	1.61774754524231
82.4999976667409	9	82.7499976596704	5	82.7499976596704	2.71358013153076	82.7499976596704	1.02251803874969
82.7499976596704	17	82.9999976525999	5	82.9999976525999	2.70744442939758	82.9999976525999	1.02526199817657
82.9999976525999	10	83.2499976455294	5	83.2499976455294	2.70145320892334	83.2499976455294	1.02794134616852
83.2499976455294	9	83.499997638459	4	83.499997638459	2.6955738067627	83.499997638459	0.652213096618652
83.499997638459	11	83.7499976313885	3	83.7499976313885	2.68982601165771	83.7499976313885	0.179079040884972
83.7499976313885	13	83.999997624318	1	83.999997624318	2.68416786193848	83.999997624318	-1.68416786193848
83.999997624318	13	84.2499976172475	6	84.2499976172475	2.67862033843994	84.2499976172475	1.35594761371613
84.2499976172475	8	84.499997610177	5	84.499997610177	2.67323184013367	84.499997610177	1.04056239128113
84.499997610177	6	84.7499976031065	5	84.7499976031065	2.66791486740112	84.7499976031065	1.04294013977051
84.7499976031065	7	84.9999975960361	4	84.9999975960361	2.66272783279419	84.9999975960361	0.668636083602905
84.9999975960361	8	85.2499975889656	8	85.2499975889656	2.65762662887573	85.2499975889656	1.88881421089172
85.2499975889656	6	85.4999975818951	1	85.4999975818951	2.65266084671021	85.4999975818951	-1.65266084671021
85.4999975818951	12	85.7499975748246	2	85.7499975748246	2.64777755737305	85.7499975748246	-0.458047896623611
85.7499975748246	16	85.9999975677541	1	85.9999975677541	2.64299941062927	85.9999975677541	-1.64299941062927
85.9999975677541	13	86.2499975606836	4	86.2499975606836	2.63832330703735	86.2499975606836	0.680838346481323
86.2499975606836	13	86.4999975536132	4	86.4999975536132	2.63372945785522	86.4999975536132	0.683135271072388
86.4999975536132	10	86.7499975465427	2	86.7499975465427	2.62924194335938	86.7499975465427	-0.444941252470016
86.7499975465427	9	86.9999975394722	3	86.9999975394722	2.62484216690063	86.9999975394722	0.216597482562065
86.9999975394722	11	87.2499975324017	4	87.2499975324017	2.62052965164185	87.2499975324017	0.689735174179077
87.2499975324017	9	87.4999975253312	4	87.4999975253312	2.61630892753601	87.4999975253312	0.691845536231995
87.4999975253312	12	87.7499975182608	3	87.7499975182608	2.61217617988586	87.7499975182608	0.223910182714462
87.7499975182608	11	87.9999975111903	2	87.9999975111903	2.60812616348267	87.9999975111903	-0.430010139942169
87.9999975111903	10	88.2499975041198	2	88.2499975041198	2.60415840148926	88.2499975041198	-0.427204489707947
88.2499975041198	14	88.4999974970493	3	88.4999974970493	2.6002733707428	88.4999974970493	0.230782270431519
88.4999974970493	10	88.7499974899788	2	88.7499974899788	2.59646773338318	88.7499974899788	-0.421766370534897
88.7499974899788	15	88.9999974829084	5	88.9999974829084	2.5927414894104	88.9999974829084	1.07655870914459
88.9999974829084	9	89.2499974758379	1	89.2499974758379	2.58908915519714	89.2499974758379	-1.58908915519714
89.2499974758379	12	89.4999974687674	5	89.4999974687674	2.58551406860352	89.4999974687674	1.07979094982147
89.4999974687674	17	89.7499974616969	3	89.7499974616969	2.58201098442078	89.7499974616969	0.241326063871384
89.7499974616969	10	89.9999974546264	4	89.9999974546264	2.57857894897461	89.9999974546264	0.710710525512695
89.9999974546264	9	90.2499974475559	3	90.2499974475559	2.5752227306366	90.2499974475559	0.245245277881622
90.2499974475559	11	90.4999974404855	3	90.4999974404855	2.57192635536194	90.4999974404855	0.247148439288139
90.4999974404855	8	90.749997433415	4	90.749997433415	2.56870293617249	90.749997433415	0.715648531913757
90.749997433415	11	90.9999974263445	8	90.9999974263445	2.56554555892944	90.9999974263445	1.92136979103088
90.9999974263445	8	91.249997419274	2	91.249997419274	2.56244778633118	91.249997419274	-0.397710651159287
91.249997419274	17	91.4999974122035	3	91.4999974122035	2.55942702293396	91.4999974122035	0.254364937543869
91.4999974122035	16	91.749997405133	3	91.749997405133	2.55644655227661	91.749997405133	0.256085693836212
91.749997405133	13	91.9999973980626	3	91.9999973980626	2.553542137146	91.9999973980626	0.257762581110001
91.9999973980626	13	92.2499973909921	2	92.2499973909921	2.5506899356842	92.2499973909921	-0.389396578073502
92.2499973909921	10	92.4999973839216	3	92.4999973839216	2.5479154586792	92.4999973839216	0.261011123657227
92.4999973839216	8	92.7499973768511	5	92.7499973768511	2.54517602920532	92.7499973768511	1.09783065319061
92.7499973768511	18	92.9999973697806	3	92.9999973697806	2.5425066947937	92.9999973697806	0.264133870601654
92.9999973697806	12	93.2499973627102	3	93.2499973627102	2.5398907661438	93.2499973627102	0.265644192695618
93.2499973627102	13	93.4999973556397	4	93.4999973556397	2.53731775283813	93.4999973556397	0.731341123580933
93.4999973556397	10	93.7499973485692	2	93.7499973485692	2.53480672836304	93.7499973485692	-0.378165453672409
93.7499973485692	7	93.9999973414987	0	93.9999973414987	2.53234362602234	93.9999973414987	-2.53234362602234
93.9999973414987	7	94.2499973344282	5	94.2499973344282	2.52992820739746	94.2499973344282	1.1046496629715
94.2499973344282	10	94.4999973273577	6	94.4999973273577	2.52756953239441	94.4999973273577	1.41761374473572
94.4999973273577	12	94.7499973202873	3	94.7499973202873	2.52525210380554	94.7499973202873	0.274095833301544
94.7499973202873	9	94.9999973132168	4	94.9999973132168	2.52298426628113	94.9999973132168	0.738507866859436
94.9999973132168	12	95.2499973061463	4	95.2499973061463	2.52076148986816	95.2499973061463	0.739619255065918
95.2499973061463	14	95.4999972990758	3	95.4999972990758	2.51858901977539	95.4999972990758	0.27794274687767
95.4999972990758	8	95.7499972920053	2	95.7499972920053	2.51645684242249	95.7499972920053	-0.365190148353577
95.7499972920053	8	95.9999972849348	3	95.9999972849348	2.51437187194824	95.9999972849348	0.2803775370121
95.9999972849348	17	96.2499972778644	4	96.2499972778644	2.51232814788818	96.2499972778644	0.743835926055908
96.2499972778644	9	96.4999972707939	1	96.4999972707939	2.51032590866089	96.4999972707939	-1.51032590866089
96.4999972707939	15	96.7499972637234	4	96.7499972637234	2.50836515426636	96.7499972637234	0.745817422866821
96.7499972637234	9	96.9999972566529	3	96.9999972566529	2.50644421577454	96.9999972566529	0.284954577684402
96.9999972566529	13	97.2499972495824	3	97.2499972495824	2.50456309318542	97.2499972495824	0.286040633916855
97.2499972495824	12	97.4999972425119	3	97.4999972425119	2.50271964073181	97.4999972425119	0.287104934453964
97.4999972425119	10	97.7499972354415	1	97.7499972354415	2.50091528892517	97.7499972354415	-1.50091528892517
97.7499972354415	14	97.999997228371	3	97.999997228371	2.49914765357971	97.999997228371	0.28916722536087
97.999997228371	7	98.2499972213005	4	98.2499972213005	2.49741625785828	98.2499972213005	0.751291871070862
98.2499972213005	15	98.49999721423	1	98.49999721423	2.49571895599365	98.49999721423	-1.49571895599365
98.49999721423	10	98.7499972071596	6	98.7499972071596	2.49405884742737	98.7499972071596	1.43129444122314
98.7499972071596	17	98.9999972000891	5	98.9999972000891	2.49242782592773	98.9999972000891	1.12142038345337
98.9999972000891	15	99.2499971930186	8	99.2499971930186	2.49083495140076	99.2499971930186	1.94778394699097
99.2499971930186	10	99.4999971859481	2	99.4999971859481	2.48927021026611	99.4999971859481	-0.345966279506683
99.4999971859481	12	99.7499971788776	4	99.7499971788776	2.48774671554565	99.7499971788776	0.756126642227173
99.7499971788776	8	99.9999971718071	7	99.9999971718071	2.48624396324158	99.9999971718071	1.70603942871094
99.9999971718071	15	100.249997164737	1	100.249997164737	2.48477983474731	100.249997164737	-1.48477983474731
100.249997164737	13	100.499997157666	2	100.499997157666	2.48334240913391	100.499997157666	-0.341774702072144
100.499997157666	7	100.749997150596	2	100.749997150596	2.48193025588989	100.749997150596	-0.340776145458221
100.749997150596	10	100.999997143525	5	100.999997143525	2.48055696487427	100.999997143525	1.12672913074493
100.999997143525	13	101.249997136455	8	101.249997136455	2.47920656204224	101.249997136455	1.95189523696899
101.249997136455	13	101.499997129384	5	101.499997129384	2.47788333892822	101.499997129384	1.12792491912842
101.499997129384	15	101.749997122314	3	101.749997122314	2.47658538818359	101.749997122314	0.30219355225563
101.749997122314	13	101.999997115243	5	101.999997115243	2.47531867027283	101.999997115243	1.12907183170319
101.999997115243	11	102.249997108173	0	102.249997108173	2.4740731716156	102.249997108173	-2.4740731716156
102.249997108173	12	102.499997101102	1	102.499997101102	2.47285747528076	102.499997101102	-1.47285747528076
102.499997101102	13	102.749997094032	7	102.749997094032	2.47166228294373	102.749997094032	1.71155083179474
102.749997094032	13	102.999997086961	6	102.999997086961	2.4704954624176	102.999997086961	1.44091415405273
102.999997086961	9	103.249997079891	5	103.249997079891	2.46935105323791	103.249997079891	1.13174057006836
103.249997079891	9	103.49999707282	4	103.49999707282	2.46822929382324	103.49999707282	0.765885353088379
103.49999707282	10	103.74999706575	7	103.74999706575	2.46713137626648	103.74999706575	1.71326327323914
103.74999706575	11	103.999997058679	3	103.999997058679	2.46605658531189	103.999997058679	0.308272361755371
103.999997058679	14	104.249997051609	2	104.249997051609	2.46500301361084	104.249997051609	-0.328806787729263
104.249997051609	9	104.499997044538	2	104.499997044538	2.46397089958191	104.499997044538	-0.328076958656311
104.499997044538	10	104.749997037468	5	104.749997037468	2.46296072006226	104.749997037468	1.13459849357605
104.749997037468	12	104.999997030397	3	104.999997030397	2.46197056770325	104.999997030397	0.310631424188614
104.999997030397	14	105.249997023327	4	105.249997023327	2.46100091934204	105.249997023327	0.769499540328979
105.249997023327	11	105.499997016257	2	105.499997016257	2.4600510597229	105.499997016257	-0.325305223464966
105.499997016257	9	105.749997009186	5	105.749997009186	2.45912051200867	105.749997009186	1.13631582260132
105.749997009186	7	105.999997002116	2	105.999997002116	2.4582097530365	105.999997002116	-0.324003219604492
105.999997002116	11	106.249996995045	5	106.249996995045	2.4573175907135	106.249996995045	1.13712215423584
106.249996995045	13	106.499996987975	5	106.499996987975	2.45644330978394	106.499996987975	1.13751316070557
106.499996987975	9	106.749996980904	3	106.749996980904	2.45558714866638	106.749996980904	0.314316898584366
106.749996980904	10	106.999996973834	2	106.999996973834	2.45474743843079	106.999996973834	-0.321554988622665
106.999996973834	14	107.249996966763	2	107.249996966763	2.4539270401001	107.249996966763	-0.320974886417389
107.249996966763	14	107.499996959693	2	107.499996959693	2.45312261581421	107.499996959693	-0.320406079292297
107.499996959693	16	107.749996952622	2	107.749996952622	2.45233488082886	107.749996952622	-0.319849073886871
107.749996952622	13	107.999996945552	4	107.999996945552	2.45156168937683	107.999996945552	0.774219155311585
107.999996945552	13	108.249996938481	3	108.249996938481	2.45080280303955	108.249996938481	0.317079156637192
108.249996938481	12	108.499996931411	3	108.499996931411	2.45006442070007	108.499996931411	0.317505449056625
108.499996931411	8	108.74999692434	5	108.74999692434	2.44933819770813	108.74999692434	1.14069068431854
108.74999692434	8	108.99999691727	3	108.99999691727	2.44862651824951	108.99999691727	0.318335622549057
108.99999691727	8	109.249996910199	4	109.249996910199	2.44792890548706	109.249996910199	0.77603554725647
109.249996910199	10	109.499996903129	5	109.499996903129	2.44724869728088	109.499996903129	1.14162504673004
109.499996903129	13	109.749996896058	6	109.749996896058	2.44658303260803	109.749996896058	1.45067644119263
109.749996896058	15	109.999996888988	3	109.999996888988	2.44592809677124	109.999996888988	0.319893568754196
109.999996888988	15	110.249996881917	3	110.249996881917	2.44528579711914	110.249996881917	0.320264399051666
110.249996881917	11	110.499996874847	2	110.499996874847	2.44465899467468	110.499996874847	-0.314421385526657
110.499996874847	11	110.749996867776	5	110.749996867776	2.44404435157776	110.749996867776	1.14305806159973
110.749996867776	10	110.999996860706	4	110.999996860706	2.44344139099121	110.999996860706	0.778279304504394
110.999996860706	18	111.249996853635	2	111.249996853635	2.44285249710083	111.249996853635	-0.313143998384476
111.249996853635	15	111.499996846565	5	111.499996846565	2.44227409362793	111.499996846565	1.14384984970093
111.499996846565	9	111.749996839494	4	111.749996839494	2.44170904159546	111.749996839494	0.77914547920227
111.749996839494	7	111.999996832424	6	111.999996832424	2.44115495681763	111.999996832424	1.45289242267609
111.999996832424	13	112.249996825354	1	112.249996825354	2.44061183929443	112.249996825354	-1.44061183929443
112.249996825354	10	112.499996818283	3	112.499996818283	2.44008016586304	112.499996818283	0.323269873857498
112.499996818283	14	112.749996811213	1	112.749996811213	2.43955898284912	112.749996811213	-1.43955898284912
112.749996811213	7	112.999996804142	6	112.999996804142	2.43904876708984	112.999996804142	1.45375227928162
112.999996804142	11	113.249996797072	5	113.249996797072	2.43854904174805	113.249996797072	1.14551568031311
113.249996797072	12	113.499996790001	1	113.499996790001	2.43805956840515	113.499996790001	-1.43805956840515
113.499996790001	16	113.749996782931	1	113.749996782931	2.43758010864258	113.749996782931	-1.43758010864258
113.749996782931	10	113.99999677586	9	113.99999677586	2.43711018562317	113.99999677586	2.18762993812561
113.99999677586	11	114.24999676879	4	114.24999676879	2.43665051460266	114.24999676879	0.781674742698669
114.24999676879	11	114.499996761719	5	114.499996761719	2.436199426651	114.499996761719	1.1465665102005
114.499996761719	9	114.749996754649	4	114.749996754649	2.43575811386108	114.749996754649	0.782120943069458
114.749996754649	8	114.999996747578	4	114.999996747578	2.43532562255859	114.999996747578	0.782337188720703
114.999996747578	19	115.249996740508	7	115.249996740508	2.43490314483643	115.249996740508	1.7254444360733
115.249996740508	9	115.499996733437	2	115.499996733437	2.43448758125305	115.499996733437	-0.307229101657867
115.499996733437	12	115.749996726367	5	115.749996726367	2.43408179283142	115.749996726367	1.14751350879669
115.749996726367	14	115.999996719296	2	115.999996719296	2.43368363380432	115.999996719296	-0.306660652160645
115.999996719296	12	116.249996712226	2	116.249996712226	2.43329381942749	116.249996712226	-0.306385010480881
116.249996712226	12	116.499996705155	8	116.499996705155	2.43291115760803	116.499996705155	1.96826314926147
116.499996705155	11	116.749996698085	2	116.749996698085	2.43253803253174	116.749996698085	-0.305850565433502
116.749996698085	15	116.999996691014	6	116.999996691014	2.43217253684998	116.999996691014	1.45655941963196
116.999996691014	8	117.249996683944	2	117.249996683944	2.43181371688843	117.249996683944	-0.30533841252327
117.249996683944	9	117.499996676873	6	117.499996676873	2.43146133422852	117.499996676873	1.4568498134613
117.499996676873	8	117.749996669803	6	117.749996669803	2.43111848831177	117.749996669803	1.45698976516724
117.749996669803	14	117.999996662732	4	117.999996662732	2.43078088760376	117.999996662732	0.78460955619812
117.999996662732	13	118.249996655662	3	118.249996655662	2.43044972419739	118.249996655662	0.328830003738403
118.249996655662	17	118.499996648591	4	118.499996648591	2.43012571334839	118.499996648591	0.784937143325806
118.499996648591	14	118.749996641521	5	118.749996641521	2.4298095703125	118.749996641521	1.14942407608032
118.749996641521	5	118.999996634451	5	118.999996634451	2.42949938774109	118.999996634451	1.14956283569336
118.999996634451	13	119.24999662738	2	119.24999662738	2.42919492721558	119.24999662738	-0.30348664522171
119.24999662738	15	119.49999662031	1	119.49999662031	2.42889738082886	119.49999662031	-1.42889738082886
119.49999662031	17	119.749996613239	3	119.749996613239	2.42860555648804	119.749996613239	0.329894721508026
119.749996613239	9	119.999996606169	1	119.999996606169	2.42831969261169	119.999996606169	-1.42831969261169
119.999996606169	10	120.249996599098	3	120.249996599098	2.42804026603699	120.249996599098	0.330221116542816
120.249996599098	16	120.499996592028	3	120.499996592028	2.42776608467102	120.499996592028	0.330379396677017
120.499996592028	16	120.749996584957	6	120.749996584957	2.42749738693237	120.749996584957	1.45846807956696
120.749996584957	11	120.999996577887	4	120.999996577887	2.4272346496582	120.999996577887	0.786382675170898
120.999996577887	11	121.249996570816	5	121.249996570816	2.42697715759277	121.249996570816	1.15069079399109
121.249996570816	10	121.499996563746	3	121.499996563746	2.4267246723175	121.499996563746	0.330980658531189
121.499996563746	8	121.749996556675	6	121.749996556675	2.42647767066956	121.749996556675	1.45888435840607
121.749996556675	13	121.999996549605	7	121.999996549605	2.42623567581177	121.999996549605	1.72872042655945
121.999996549605	8	122.249996542534	2	122.249996542534	2.42599844932556	122.249996542534	-0.301226377487183
122.249996542534	9	122.499996535464	5	122.499996535464	2.42576622962952	122.499996535464	1.15123236179352
122.499996535464	9	122.749996528393	1	122.749996528393	2.42553877830505	122.749996528393	-1.42553877830505
122.749996528393	7	122.999996521323	5	122.999996521323	2.42531609535217	122.999996521323	1.15143358707428
122.999996521323	9	123.249996514252	4	123.249996514252	2.42509770393372	123.249996514252	0.787451148033142
123.249996514252	9	123.499996507182	4	123.499996507182	2.42488384246826	123.499996507182	0.787558078765869
123.499996507182	9	123.749996500111	3	123.749996500111	2.42467474937439	123.749996500111	0.332164198160172
123.749996500111	9	123.999996493041	4	123.999996493041	2.4244692325592	123.999996493041	0.787765383720398
123.999996493041	17	124.24999648597	6	124.24999648597	2.42426824569702	124.24999648597	1.4597864151001
124.24999648597	8	124.4999964789	7	124.4999964789	2.42407155036926	124.4999964789	1.72953844070435
124.4999964789	17	124.749996471829	5	124.749996471829	2.42387866973877	124.749996471829	1.15207648277283
124.749996471829	10	124.999996464759	6	124.999996464759	2.42369031906128	124.999996464759	1.46002233028412
124.999996464759	8	125.249996457688	2	125.249996457688	2.42350578308105	125.249996457688	-0.29946380853653
125.249996457688	13	125.499996450618	2	125.499996450618	2.42332458496094	125.499996450618	-0.299335688352585
125.499996450618	11	125.749996443547	2	125.749996443547	2.42314696311951	125.749996443547	-0.299210101366043
125.749996443547	4	125.999996436477	4	125.999996436477	2.42297267913818	125.999996436477	0.788513660430908
125.999996436477	13	126.249996429407	4	126.249996429407	2.42280292510986	126.249996429407	0.788598537445068
126.249996429407	14	126.499996422336	6	126.499996422336	2.42263603210449	126.499996422336	1.4604526758194
126.499996422336	9	126.749996415266	5	126.749996415266	2.42247295379639	126.749996415266	1.15270519256592
126.749996415266	10	126.999996408195	3	126.999996408195	2.42231297492981	126.999996408195	0.333527773618698
126.999996408195	12	127.249996401125	0	127.249996401125	2.42215585708618	127.249996401125	-2.42215585708618
127.249996401125	7	127.499996394054	8	127.499996394054	2.42200255393982	127.499996394054	1.97211992740631
127.499996394054	13	127.749996386984	5	127.749996386984	2.42185235023499	127.749996386984	1.15298271179199
127.749996386984	11	127.999996379913	1	127.999996379913	2.42170476913452	127.999996379913	-1.42170476913452
127.999996379913	7	128.249996372843	3	128.249996372843	2.42156100273132	128.249996372843	0.33396190404892
128.249996372843	15	128.499996365772	1	128.499996365772	2.42141938209534	128.499996365772	-1.42141938209534
128.499996365772	10	128.749996358702	2	128.749996358702	2.42128133773804	128.749996358702	-0.297890901565552
128.749996358702	8	128.999996351631	1	128.999996351631	2.42114567756653	128.999996351631	-1.42114567756653
128.999996351631	8	129.249996344561	6	129.249996344561	2.42101287841797	129.249996344561	1.46111536026001
129.249996344561	11	129.49999633749	3	129.49999633749	2.42088294029236	129.49999633749	0.334353387355804
129.49999633749	6	129.74999633042	5	129.74999633042	2.42075538635254	129.74999633042	1.15347325801849
129.74999633042	11	129.999996323349	4	129.999996323349	2.42063069343567	129.999996323349	0.789684653282166
129.999996323349	7	130.249996316279	4	130.249996316279	2.42050838470459	130.249996316279	0.789745807647705
130.249996316279	14	130.499996309208	1	130.499996309208	2.42038869857788	130.499996309208	-1.42038869857788
130.499996309208	13	130.749996302138	5	130.749996302138	2.42027163505554	130.749996302138	1.15368962287903
130.749996302138	7	130.999996295067	4	130.999996295067	2.42015671730042	130.999996295067	0.789921641349793
130.999996295067	10	131.249996287997	3	131.249996287997	2.42004418373108	131.249996287997	0.334837645292282
131.249996287997	7	131.499996280926	4	131.499996280926	2.41993403434753	131.499996280926	0.790032982826233
131.499996280926	6	131.749996273856	7	131.749996273856	2.41982626914978	131.749996273856	1.7311429977417
131.749996273856	13	131.999996266785	4	131.999996266785	2.41972041130066	131.999996266785	0.79013979434967
131.999996266785	9	132.249996259715	5	132.249996259715	2.41961693763733	132.249996259715	1.15398240089416
132.249996259715	8	132.499996252644	3	132.499996252644	2.41951560974121	132.499996252644	0.335142821073532
132.499996252644	13	132.749996245574	7	132.749996245574	2.41941595077515	132.749996245574	1.7312980890274
132.749996245574	6	132.999996238503	1	132.999996238503	2.41931891441345	132.999996238503	-1.41931891441345
132.999996238503	9	133.249996231433	4	133.249996231433	2.41922354698181	133.249996231433	0.790388226509094
133.249996231433	9	133.499996224363	4	133.499996224363	2.41913032531738	133.499996224363	0.790434837341309
133.499996224363	11	133.749996217292	4	133.749996217292	2.41903853416443	133.749996217292	0.790480732917786
133.749996217292	13	133.999996210222	2	133.999996210222	2.41894960403442	133.999996210222	-0.296242117881775
133.999996210222	13	134.249996203151	2	134.249996203151	2.41886162757874	134.249996203151	-0.296179890632629
134.249996203151	13	134.499996196081	2	134.499996196081	2.4187753200531	134.499996196081	-0.296118855476379
134.499996196081	15	134.74999618901	2	134.74999618901	2.41869115829468	134.74999618901	-0.296059370040894
134.74999618901	15	134.99999618194	2	134.99999618194	2.41860890388489	134.99999618194	-0.296001195907593
134.99999618194	13	135.249996174869	2	135.249996174869	2.41852807998657	135.249996174869	-0.295944035053253
135.249996174869	12	135.499996167799	3	135.499996167799	2.41844892501831	135.499996167799	0.335758656263351
135.499996167799	10	135.749996160728	1	135.749996160728	2.4183714389801	135.749996160728	-1.4183714389801
135.749996160728	12	135.999996153658	4	135.999996153658	2.41829538345337	135.999996153658	0.790852308273315
135.999996153658	13	136.249996146587	3	136.249996146587	2.41822123527527	136.249996146587	0.335890114307404
136.249996146587	15	136.499996139517	4	136.499996139517	2.41814851760864	136.499996139517	0.790925741195679
136.499996139517	15	136.749996132446	8	136.749996132446	2.41807723045349	136.749996132446	1.97350776195526
136.749996132446	13	136.999996125376	7	136.999996125376	2.41800713539124	136.999996125376	1.73183047771454
136.999996125376	9	137.249996118305	3	137.249996118305	2.41793894767761	137.249996118305	0.336053103208542
137.249996118305	7	137.499996111235	2	137.499996111235	2.41787195205688	137.499996111235	-0.295480102300644
137.499996111235	12	137.749996104164	7	137.749996104164	2.41780614852905	137.749996104164	1.73190653324127
137.749996104164	7	137.999996097094	4	137.999996097094	2.4177417755127	137.999996097094	0.791129112243652
137.999996097094	5	138.249996090023	6	138.249996090023	2.41767883300781	138.249996090023	1.4624764919281
138.249996090023	13	138.499996082953	5	138.499996082953	2.41761708259583	138.499996082953	1.15487670898438
138.499996082953	11	138.749996075882	1	138.749996075882	2.41755676269531	138.749996075882	-1.41755676269531
138.749996075882	7	138.999996068812	1	138.999996068812	2.4174976348877	138.999996068812	-1.4174976348877
138.999996068812	9	139.249996061741	3	139.249996061741	2.41743946075439	139.249996061741	0.336341470479965
139.249996061741	11	139.499996054671	2	139.499996054671	2.41738271713257	139.499996054671	-0.295134156942368
139.499996054671	8	139.7499960476	2	139.7499960476	2.41732716560364	139.7499960476	-0.295094877481461
139.7499960476	10	139.99999604053	4	139.99999604053	2.4172728061676	139.99999604053	0.791363596916199
139.99999604053	16	140.249996033459	6	140.249996033459	2.41721940040588	140.249996033459	1.46266400814056
140.249996033459	15	140.499996026389	2	140.499996026389	2.41716694831848	140.499996026389	-0.294981569051743
140.499996026389	10	140.749996019319	3	140.749996019319	2.41711592674255	140.749996019319	0.336528271436691
140.749996019319	7	140.999996012248	6	140.999996012248	2.41706562042236	140.999996012248	1.46272683143616
140.999996012248	10	141.249996005178	4	141.249996005178	2.41701674461365	141.249996005178	0.791491627693176
141.249996005178	13	141.499995998107	3	141.499995998107	2.41696834564209	141.499995998107	0.336613476276398
141.499995998107	12	141.749995991037	3	141.749995991037	2.41692137718201	141.749995991037	0.33664059638977
141.749995991037	14	141.999995983966	7	141.999995983966	2.41687512397766	141.999995983966	1.73225831985474
141.999995983966	11	142.249995976896	2	142.249995976896	2.41682982444763	142.249995976896	-0.294743210077286
142.249995976896	6	142.499995969825	3	142.499995969825	2.41678547859192	142.499995969825	0.336719065904617
142.499995969825	7	142.749995962755	4	142.749995962755	2.4167423248291	142.749995962755	0.791628837585449
142.749995962755	15	142.999995955684	5	142.999995955684	2.41669964790344	142.999995955684	1.15528702735901
142.999995955684	10	143.249995948614	3	143.249995948614	2.41665816307068	143.249995948614	0.336792558431625
143.249995948614	15	143.499995941543	2	143.499995941543	2.41661739349365	143.499995941543	-0.294592976570129
143.499995941543	11	143.749995934473	7	143.749995934473	2.41657733917236	143.749995934473	1.73237097263336
143.749995934473	8	143.999995927402	4	143.999995927402	2.41653847694397	143.999995927402	0.791730761528015
143.999995927402	12	144.249995920332	3	144.249995920332	2.41649985313416	144.249995920332	0.336883962154388
144.249995920332	19	144.499995913261	3	144.499995913261	2.41646242141724	144.499995913261	0.336905568838119
144.499995913261	12	144.749995906191	10	144.749995906191	2.41642570495605	144.749995906191	2.39813685417175
144.749995906191	11	144.99999589912	1	144.99999589912	2.41638970375061	144.99999589912	-1.41638970375061
144.99999589912	10	145.24999589205	4	145.24999589205	2.4163544178009	145.24999589205	0.791822791099548
145.24999589205	11	145.499995884979	3	145.499995884979	2.41631984710693	145.499995884979	0.336987882852554
145.499995884979	17	145.749995877909	6	145.749995877909	2.4162859916687	145.749995877909	1.46304512023926
145.749995877909	13	145.999995870838	4	145.999995870838	2.41625285148621	145.999995870838	0.791873574256897
145.999995870838	14	146.249995863768	5	146.249995863768	2.41622042655945	146.249995863768	1.15550136566162
146.249995863768	11	146.499995856697	6	146.499995856697	2.41618871688843	146.499995856697	1.46308481693268
146.499995856697	12	146.749995849627	2	146.749995849627	2.41615748405457	146.749995849627	-0.294267773628235
146.749995849627	6	146.999995842557	4	146.999995842557	2.41612696647644	146.999995842557	0.79193651676178
146.999995842557	11	147.249995835486	1	147.249995835486	2.41609716415405	147.249995835486	-1.41609716415405
147.249995835486	17	147.499995828416	1	147.499995828416	2.41606783866882	147.499995828416	-1.41606783866882
147.499995828416	15	147.749995821345	0	147.749995821345	2.41603922843933	147.749995821345	-2.41603922843933
147.749995821345	10	147.999995814275	2	147.999995814275	2.416011095047	147.999995814275	-0.294164270162582
147.999995814275	16	148.249995807204	1	148.249995807204	2.4159836769104	148.249995807204	-1.4159836769104
148.249995807204	11	148.499995800134	4	148.499995800134	2.41595649719238	148.499995800134	0.792021751403809
148.499995800134	10	148.749995793063	2	148.749995793063	2.41593027114868	148.749995793063	-0.294107109308243
148.749995793063	11	148.999995785993	1	148.999995785993	2.41590428352356	148.999995785993	-1.41590428352356
148.999995785993	15	149.249995778922	2	149.249995778922	2.41587901115417	149.249995778922	-0.294070869684219
149.249995778922	10	149.499995771852	2	149.499995771852	2.41585421562195	149.499995771852	-0.294053345918655
149.499995771852	7	149.749995764781	2	149.749995764781	2.41582989692688	149.749995764781	-0.294036149978638
149.749995764781	11	149.999995757711	5	149.999995757711	2.41580629348755	149.999995757711	1.15568661689758
149.999995757711	16	150.24999575064	3	150.24999575064	2.4157829284668	150.24999575064	0.337297886610031
150.24999575064	5	150.49999574357	1	150.49999574357	2.4157600402832	150.49999574357	-1.4157600402832
150.49999574357	7	150.749995736499	1	150.749995736499	2.41573762893677	150.749995736499	-1.41573762893677
150.749995736499	12	150.999995729429	5	150.999995729429	2.41571569442749	150.999995729429	1.15572702884674
150.999995729429	16	151.249995722358	4	151.249995722358	2.41569423675537	151.249995722358	0.792152881622314
151.249995722358	9	151.499995715288	3	151.499995715288	2.41567349433899	151.499995715288	0.337361067533493
151.499995715288	11	151.749995708217	2	151.749995708217	2.41565275192261	151.749995708217	-0.293910890817642
151.749995708217	13	151.999995701147	5	151.999995701147	2.41563248634338	151.999995701147	1.15576434135437
151.999995701147	12	152.249995694076	1	152.249995694076	2.4156129360199	152.249995694076	-1.4156129360199
152.249995694076	12	152.499995687006	9	152.499995687006	2.41559362411499	152.499995687006	2.19480204582214
152.499995687006	14	152.749995679935	4	152.749995679935	2.41557455062866	152.749995679935	0.792212724685669
152.749995679935	10	152.999995672865	3	152.999995672865	2.41555595397949	152.999995672865	0.33742892742157
152.999995672865	12	153.249995665794	4	153.249995665794	2.41553783416748	153.249995665794	0.79223108291626
153.249995665794	12	153.499995658724	0	153.499995658724	2.41551995277405	153.499995658724	-2.41551995277405
153.499995658724	8	153.749995651653	7	153.749995651653	2.41550254821777	153.749995651653	1.73277711868286
153.749995651653	11	153.999995644583	6	153.999995644583	2.41548562049866	153.999995644583	1.46337187290192
153.999995644583	13	154.249995637513	2	154.249995637513	2.41546869277954	154.249995637513	-0.293780744075775
154.249995637513	8	154.499995630442	2	154.499995630442	2.41545248031616	154.499995630442	-0.293769270181656
154.499995630442	11	154.749995623372	1	154.749995623372	2.41543626785278	154.749995623372	-1.41543626785278
154.749995623372	9	154.999995616301	5	154.999995616301	2.41542053222656	154.999995616301	1.15585911273956
154.999995616301	9	155.249995609231	2	155.249995609231	2.4154052734375	155.249995609231	-0.293735891580582
155.249995609231	12	155.49999560216	8	155.49999560216	2.41539001464844	155.49999560216	1.97445774078369
155.49999560216	11	155.74999559509	6	155.74999559509	2.41537523269653	155.74999559509	1.46341693401337
155.74999559509	10	155.999995588019	5	155.999995588019	2.41536092758179	155.999995588019	1.15588569641113
155.999995588019	11	156.249995580949	3	156.249995580949	2.41534662246704	156.249995580949	0.337549775838852
156.249995580949	10	156.499995573878	1	156.499995573878	2.41533279418945	156.499995573878	-1.41533279418945
156.499995573878	5	156.749995566808	0	156.749995566808	2.41531920433044	156.749995566808	-2.41531920433044
156.749995566808	13	156.999995559737	3	156.999995559737	2.41530585289001	156.999995559737	0.337573319673538
156.999995559737	10	157.249995552667	3	157.249995552667	2.41529273986816	157.249995552667	0.337580889463425
157.249995552667	7	157.499995545596	4	157.499995545596	2.41528010368347	157.499995545596	0.792359948158264
157.499995545596	12	157.749995538526	1	157.749995538526	2.41526746749878	157.749995538526	-1.41526746749878
157.749995538526	9	157.999995531455	5	157.999995531455	2.41525530815125	157.999995531455	1.15593302249908
157.999995531455	13	158.249995524385	3	158.249995524385	2.41524314880371	158.249995524385	0.337609529495239
158.249995524385	7	158.499995517314	3	158.499995517314	2.41523146629334	158.499995517314	0.337616264820099
158.499995517314	11	158.749995510244	6	158.749995510244	2.41522002220154	158.749995510244	1.46348035335541
158.749995510244	12	158.999995503173	4	158.999995503173	2.41520857810974	158.999995503173	0.792395710945129
158.999995503173	11	159.249995496103	1	159.249995496103	2.4151976108551	159.249995496103	-1.4151976108551
159.249995496103	8	159.499995489032	5	159.499995489032	2.41518688201904	159.499995489032	1.15596354007721
159.499995489032	1	159.749995481962	1	159.749995481962	2.41517615318298	159.749995481962	-1.41517615318298
159.749995481962	13	159.999995474891	5	159.999995474891	2.41516590118408	159.999995474891	1.15597295761108
159.999995474891	13	160.249995467821	3	160.249995467821	2.41515564918518	160.249995467821	0.337660044431686
160.249995467821	5	160.49999546075	3	160.49999546075	2.41514563560486	160.49999546075	0.33766582608223
160.49999546075	11	160.74999545368	3	160.74999545368	2.41513586044312	160.74999545368	0.337671458721161
160.74999545368	6	160.99999544661	3	160.99999544661	2.41512632369995	160.99999544661	0.337676972150803
160.99999544661	10	161.249995439539	1	161.249995439539	2.41511702537537	161.249995439539	-1.41511702537537
161.249995439539	11	161.499995432469	2	161.499995432469	2.41510772705078	161.499995432469	-0.293525487184525
161.499995432469	12	161.749995425398	4	161.749995425398	2.41509866714478	161.749995425398	0.792450666427612
161.749995425398	8	161.999995418328	3	161.999995418328	2.41508984565735	161.999995418328	0.337698042392731
161.999995418328	12	162.249995411257	1	162.249995411257	2.4150812625885	162.249995411257	-1.4150812625885
162.249995411257	10	162.499995404187	4	162.499995404187	2.41507291793823	162.499995404187	0.792463541030884
162.499995404187	11	162.749995397116	2	162.749995397116	2.41506457328796	162.749995397116	-0.2934949696064
162.749995397116	11	162.999995390046	6	162.999995390046	2.41505646705627	162.999995390046	1.46354711055756
162.999995390046	9	163.249995382975	2	163.249995382975	2.41504859924316	163.249995382975	-0.293483674526215
163.249995382975	16	163.499995375905	6	163.499995375905	2.41504073143005	163.499995375905	1.46355354785919
163.499995375905	15	163.749995368834	1	163.749995368834	2.41503310203552	163.749995368834	-1.41503310203552
163.749995368834	13	163.999995361764	10	163.999995361764	2.41502571105957	163.999995361764	2.39857935905457
163.999995361764	11	164.249995354693	3	164.249995354693	2.41501832008362	164.249995354693	0.337739318609238
164.249995354693	10	164.499995347623	3	164.499995347623	2.41501116752625	164.499995347623	0.33774346113205
164.499995347623	14	164.749995340552	1	164.749995340552	2.41500425338745	164.749995340552	-1.41500425338745
164.749995340552	12	164.999995333482	4	164.999995333482	2.41499733924866	164.999995333482	0.792501330375671
164.999995333482	7	165.249995326411	4	165.249995326411	2.41499066352844	165.249995326411	0.792504668235779
165.249995326411	10	165.499995319341	10	165.499995319341	2.41498398780823	165.499995319341	2.398592710495
165.499995319341	11	165.74999531227	8	165.74999531227	2.41497755050659	165.74999531227	1.9746036529541
165.74999531227	12	165.9999953052	6	165.9999953052	2.41497135162354	165.9999953052	1.46358180046082
165.9999953052	17	166.249995298129	2	166.249995298129	2.41496515274048	166.249995298129	-0.293424665927887
166.249995298129	9	166.499995291059	1	166.499995291059	2.41495895385742	166.499995291059	-1.41495895385742
166.499995291059	15	166.749995283988	5	166.749995283988	2.41495299339294	166.749995283988	1.15606820583344
166.749995283988	8	166.999995276918	2	166.999995276918	2.41494727134705	166.999995276918	-0.293412029743195
166.999995276918	13	167.249995269847	6	167.249995269847	2.41494154930115	167.249995269847	1.46359395980835
167.249995269847	13	167.499995262777	2	167.499995262777	2.41493606567383	167.499995262777	-0.293404102325439
167.499995262777	13	167.749995255706	1	167.749995255706	2.41493058204651	167.749995255706	-1.41493058204651
167.749995255706	8	167.999995248636	8	167.999995248636	2.41492509841919	167.999995248636	1.97462213039398
167.999995248636	12	168.249995241566	3	168.249995241566	2.41491985321045	168.249995241566	0.337796181440353
168.249995241566	8	168.499995234495	5	168.499995234495	2.41491484642029	168.499995234495	1.15608525276184
168.499995234495	8	168.749995227425	2	168.749995227425	2.41490983963013	168.749995227425	-0.293385565280914
168.749995227425	15	168.999995220354	2	168.999995220354	2.41490483283997	168.999995220354	-0.29338201880455
168.999995220354	8	169.249995213284	4	169.249995213284	2.41490006446838	169.249995213284	0.792549967765808
169.249995213284	7	169.499995206213	3	169.499995206213	2.4148952960968	169.499995206213	0.33781036734581
169.499995206213	9	169.749995199143	1	169.749995199143	2.41489052772522	169.749995199143	-1.41489052772522
169.749995199143	12	169.999995192072	4	169.999995192072	2.41488599777222	169.999995192072	0.792557001113892
169.999995192072	16	170.249995185002	1	170.249995185002	2.41488170623779	170.249995185002	-1.41488170623779
170.249995185002	9	170.499995177931	2	170.499995177931	2.41487741470337	170.499995177931	-0.293362647294998
170.499995177931	7	170.749995170861	1	170.749995170861	2.41487312316895	170.749995170861	-1.41487312316895
170.749995170861	16	170.99999516379	3	170.99999516379	2.41486883163452	170.99999516379	0.337825626134872
170.99999516379	13	171.24999515672	3	171.24999515672	2.41486477851868	171.24999515672	0.337827980518341
171.24999515672	7	171.499995149649	4	171.499995149649	2.41486072540283	171.499995149649	0.792569637298584
171.499995149649	13	171.749995142579	1	171.749995142579	2.41485691070557	171.749995142579	-1.41485691070557
171.749995142579	7	171.999995135508	7	171.999995135508	2.4148530960083	171.999995135508	1.73302268981934
171.999995135508	15	172.249995128438	5	172.249995128438	2.41484928131104	172.249995128438	1.15611457824707
172.249995128438	14	172.499995121367	5	172.499995121367	2.41484546661377	172.499995121367	1.15611624717712
172.499995121367	12	172.749995114297	2	172.749995114297	2.41484189033508	172.749995114297	-0.293337523937225
172.749995114297	13	172.999995107226	3	172.999995107226	2.4148383140564	172.999995107226	0.337843269109726
172.999995107226	9	173.249995100156	5	173.249995100156	2.41483497619629	173.249995100156	1.15612089633942
173.249995100156	11	173.499995093085	5	173.499995093085	2.41483163833618	173.499995093085	1.15612244606018
173.499995093085	12	173.749995086015	3	173.749995086015	2.41482830047607	173.749995086015	0.337849050760269
173.749995086015	12	173.999995078944	3	173.999995078944	2.41482496261597	173.999995078944	0.337850958108902
173.999995078944	13	174.249995071874	3	174.249995071874	2.41482186317444	174.249995071874	0.337852746248245
174.249995071874	13	174.499995064803	1	174.499995064803	2.41481852531433	174.499995064803	-1.41481852531433
174.499995064803	16	174.749995057733	4	174.749995057733	2.41481566429138	174.749995057733	0.792592167854309
174.749995057733	8	174.999995050662	5	174.999995050662	2.41481256484985	174.999995050662	1.15613090991974
174.999995050662	13	175.249995043592	5	175.249995043592	2.4148097038269	175.249995043592	1.15613222122192
175.249995043592	5	175.499995036522	2	175.499995036522	2.41480684280396	175.499995036522	-0.293312728404999
175.499995036522	13	175.749995029451	5	175.749995029451	2.41480398178101	175.749995029451	1.15613484382629
175.749995029451	9	175.999995022381	4	175.999995022381	2.41480112075806	175.999995022381	0.792599439620972
175.999995022381	12	176.24999501531	3	176.24999501531	2.41479849815369	176.24999501531	0.337866246700287
176.24999501531	9	176.49999500824	4	176.49999500824	2.41479587554932	176.49999500824	0.792602062225342
176.49999500824	6	176.749995001169	2	176.749995001169	2.41479325294495	176.749995001169	-0.29330313205719
176.749995001169	11	176.999994994099	2	176.999994994099	2.41479063034058	176.999994994099	-0.293301254510879
176.999994994099	9	177.249994987028	5	177.249994987028	2.41478824615479	177.249994987028	1.15614187717438
177.249994987028	14	177.499994979958	3	177.499994979958	2.41478586196899	177.499994979958	0.337873548269272
177.499994979958	19	177.749994972887	2	177.749994972887	2.4147834777832	177.749994972887	-0.293296217918396
177.749994972887	10	177.999994965817	2	177.999994965817	2.41478109359741	177.999994965817	-0.29329451918602
177.999994965817	13	178.249994958746	1	178.249994958746	2.41477870941162	178.249994958746	-1.41477870941162
178.249994958746	6	178.499994951676	5	178.499994951676	2.41477656364441	178.499994951676	1.15614712238312
178.499994951676	4	178.749994944605	5	178.749994944605	2.41477417945862	178.749994944605	1.15614807605743
178.749994944605	13	178.999994937535	0	178.999994937535	2.41477203369141	178.999994937535	-2.41477203369141
178.999994937535	7	179.249994930464	2	179.249994930464	2.41477012634277	179.249994930464	-0.293286770582199
179.249994930464	9	179.499994923394	3	179.499994923394	2.41476798057556	179.499994923394	0.337883859872818
179.499994923394	14	179.749994916323	3	179.749994916323	2.41476583480835	179.749994916323	0.337885111570358
179.749994916323	12	179.999994909253	6	179.999994909253	2.41476392745972	179.999994909253	1.4636664390564
179.999994909253	8	180.249994902182	4	180.249994902182	2.41476202011108	180.249994902182	0.792618989944458
180.249994902182	14	180.499994895112	3	180.499994895112	2.41476011276245	180.499994895112	0.337888419628143
180.499994895112	9	180.749994888041	5	180.749994888041	2.41475820541382	180.749994888041	1.15615522861481
180.749994888041	14	180.999994880971	4	180.999994880971	2.41475653648376	180.999994880971	0.792621731758118
180.999994880971	13	181.2499948739	1	181.2499948739	2.41475462913513	181.2499948739	-1.41475462913513
181.2499948739	8	181.49999486683	2	181.49999486683	2.41475296020508	181.49999486683	-0.293274641036987
181.49999486683	16	181.749994859759	2	181.749994859759	2.41475129127502	181.749994859759	-0.293273448944092
181.749994859759	10	181.999994852689	3	181.999994852689	2.41474962234497	181.999994852689	0.337894469499588
181.999994852689	13	182.249994845619	2	182.249994845619	2.41474795341492	182.249994845619	-0.293271094560623
182.249994845619	9	182.499994838548	5	182.499994838548	2.41474628448486	182.499994838548	1.15616059303284
182.499994838548	11	182.749994831478	2	182.749994831478	2.41474461555481	182.749994831478	-0.293268740177155
182.749994831478	11	182.999994824407	3	182.999994824407	2.41474318504334	182.999994824407	0.337898164987564
182.999994824407	13	183.249994817337	5	183.249994817337	2.41474151611328	183.249994817337	1.15616273880005
183.249994817337	12	183.499994810266	2	183.499994810266	2.41474008560181	183.499994810266	-0.293265521526337
183.499994810266	13	183.749994803196	6	183.749994803196	2.41473865509033	183.749994803196	1.46367681026459
183.749994803196	10	183.999994796125	2	183.999994796125	2.41473722457886	183.999994796125	-0.293263494968414
183.999994796125	15	184.249994789055	3	184.249994789055	2.41473579406738	184.249994789055	0.337902456521988
184.249994789055	12	184.499994781984	2	184.499994781984	2.41473460197449	184.499994781984	-0.293261647224426
184.499994781984	10	184.749994774914	3	184.749994774914	2.41473317146301	184.749994774914	0.337903946638107
184.749994774914	14	184.999994767843	4	184.999994767843	2.41473174095154	184.999994767843	0.792634129524231
184.999994767843	14	185.249994760773	2	185.249994760773	2.41473054885864	185.249994760773	-0.293258786201477
185.249994760773	12	185.499994753702	2	185.499994753702	2.41472935676575	185.499994753702	-0.29325795173645
185.499994753702	11	185.749994746632	3	185.749994746632	2.41472816467285	185.749994746632	0.337906837463379
185.749994746632	6	185.999994739561	6	185.999994739561	2.41472697257996	185.999994739561	1.46368157863617
185.999994739561	17	186.249994732491	6	186.249994732491	2.41472578048706	186.249994732491	1.46368205547333
186.249994732491	13	186.49999472542	1	186.49999472542	2.41472458839417	186.49999472542	-1.41472458839416
186.49999472542	10	186.74999471835	1	186.74999471835	2.41472339630127	186.74999471835	-1.41472339630127
186.74999471835	14	186.999994711279	3	186.999994711279	2.41472220420837	186.999994711279	0.337910294532776
186.999994711279	13	187.249994704209	2	187.249994704209	2.41472125053406	187.249994704209	-0.293252199888229
187.249994704209	8	187.499994697138	8	187.499994697138	2.41472005844116	187.499994697138	1.97469460964203
187.499994697138	13	187.749994690068	2	187.749994690068	2.41471910476685	187.749994690068	-0.293250679969788
187.749994690068	8	187.999994682997	7	187.999994682997	2.41471815109253	187.999994682997	1.73307359218597
187.999994682997	9	188.249994675927	3	188.249994675927	2.41471719741821	188.249994675927	0.337913185358047
188.249994675927	10	188.499994668856	1	188.499994668856	2.41471600532532	188.499994668856	-1.41471600532532
188.499994668856	13	188.749994661786	7	188.749994661786	2.414715051651	188.749994661786	1.73307478427887
188.749994661786	15	188.999994654715	1	188.999994654715	2.41471409797668	188.999994654715	-1.41471409797668
188.999994654715	13	189.249994647645	2	189.249994647645	2.41471338272095	189.249994647645	-0.293246656656265
189.249994647645	14	189.499994640575	3	189.499994640575	2.41471242904663	189.499994640575	0.337915927171707
189.499994640575	12	189.749994633504	3	189.749994633504	2.41471147537231	189.749994633504	0.337916493415833
189.749994633504	9	189.999994626434	2	189.999994626434	2.414710521698	189.999994626434	-0.293244630098343
189.999994626434	11	190.249994619363	1	190.249994619363	2.41470980644226	190.249994619363	-1.41470980644226
190.249994619363	9	190.499994612293	6	190.499994612293	2.41470885276794	190.499994612293	1.46368896961212
190.499994612293	16	190.749994605222	4	190.749994605222	2.41470813751221	190.749994605222	0.792645931243896
190.749994605222	16	190.999994598152	1	190.999994598152	2.41470742225647	190.999994598152	-1.41470742225647
190.999994598152	11	191.249994591081	3	191.249994591081	2.41470646858215	191.249994591081	0.337919384241104
191.249994591081	8	191.499994584011	3	191.499994584011	2.41470575332642	191.499994584011	0.337919801473618
191.499994584011	12	191.74999457694	1	191.74999457694	2.41470503807068	191.74999457694	-1.41470503807068
191.74999457694	9	191.99999456987	3	191.99999456987	2.41470432281494	191.99999456987	0.337920606136322
191.99999456987	5	192.249994562799	8	192.249994562799	2.4147036075592	192.249994562799	1.97470045089722
192.249994562799	15	192.499994555729	4	192.499994555729	2.41470289230347	192.499994555729	0.792648553848267
192.499994555729	12	192.749994548658	4	192.749994548658	2.41470217704773	192.749994548658	0.792648911476135
192.749994548658	10	192.999994541588	2	192.999994541588	2.41470146179199	192.999994541588	-0.29323822259903
192.999994541588	18	193.249994534517	1	193.249994534517	2.41470098495483	193.249994534517	-1.41470098495483
193.249994534517	3	193.499994527447	3	193.499994527447	2.4147002696991	193.499994527447	0.337922960519791
193.499994527447	14	193.749994520376	0	193.749994520376	2.41469955444336	193.749994520376	-2.41469955444336
193.749994520376	15	193.999994513306	4	193.999994513306	2.4146990776062	193.999994513306	0.792650461196899
193.999994513306	15	194.249994506235	2	194.249994506235	2.41469836235046	194.249994506235	-0.293236017227173
194.249994506235	9	194.499994499165	2	194.499994499165	2.41469764709473	194.499994499165	-0.293235510587692
194.499994499165	14	194.749994492094	2	194.749994492094	2.41469717025757	194.749994492094	-0.293235182762146
194.749994492094	9	194.999994485024	4	194.999994485024	2.41469669342041	194.999994485024	0.792651653289795
194.999994485024	13	195.249994477953	5	195.249994477953	2.41469597816467	195.249994477953	1.15618312358856
195.249994477953	14	195.499994470883	2	195.499994470883	2.41469550132751	195.499994470883	-0.29323399066925
195.499994470883	16	195.749994463812	4	195.749994463812	2.41469502449036	195.749994463812	0.792652487754822
195.749994463812	14	195.999994456742	2	195.999994456742	2.4146945476532	195.999994456742	-0.293233335018158
195.999994456742	13	196.249994449672	7	196.249994449672	2.41469383239746	196.249994449672	1.73308277130127
196.249994449672	10	196.499994442601	6	196.499994442601	2.4146933555603	196.499994442601	1.46369528770447
196.499994442601	10	196.749994435531	5	196.749994435531	2.41469287872314	196.749994435531	1.15618443489075
196.749994435531	12	196.99999442846	3	196.99999442846	2.41469240188599	196.99999442846	0.337927490472794
196.99999442846	7	197.24999442139	1	197.24999442139	2.41469192504883	197.24999442139	-1.41469192504883
197.24999442139	7	197.499994414319	4	197.499994414319	2.41469144821167	197.499994414319	0.792654275894165
197.499994414319	7	197.749994407249	5	197.749994407249	2.41469097137451	197.749994407249	1.15618538856506
197.749994407249	9	197.999994400178	3	197.999994400178	2.41469049453735	197.999994400178	0.337928593158722
197.999994400178	9	198.249994393108	3	198.249994393108	2.41469025611877	198.249994393108	0.337928742170334
198.249994393108	13	198.499994386037	3	198.499994386037	2.41468977928162	198.499994386037	0.337929010391235
198.499994386037	11	198.749994378967	5	198.749994378967	2.41468930244446	198.749994378967	1.1561861038208
198.749994378967	16	198.999994371896	3	198.999994371896	---	198.999994371896	---
198.999994371896	7	199.249994364826	5	199.249994364826	---	199.249994364826	---
199.249994364826	12	199.499994357755	5	199.499994357755	---	199.499994357755	---
199.499994357755	6	 	 	 	 	 	 
