IRF_5Mhz1.ptu	 	p62-20_5MHz_1_OTCSPC; OverallDecay	 	Fitted Curve	 	Residuals	 
Time[ns]	Intensity[Cnts]	Time[ns]	Intensity[Cnts]	Time[ns]	Intensity[Cnts]	Time[ns]	Resids.[StdDev.]
0	1	0	1	0	---	0	---
0.249999992929518	12	0.249999992929518	4	0.249999992929518	---	0.249999992929518	---
0.499999985859036	7	0.499999985859036	1	0.499999985859036	---	0.499999985859036	---
0.749999978788553	13	0.749999978788553	9	0.749999978788553	---	0.749999978788553	---
0.999999971718071	16	0.999999971718071	3	0.999999971718071	---	0.999999971718071	---
1.24999996464759	14	1.24999996464759	2	1.24999996464759	---	1.24999996464759	---
1.49999995757711	13	1.49999995757711	1	1.49999995757711	---	1.49999995757711	---
1.74999995050662	15	1.74999995050662	4	1.74999995050662	---	1.74999995050662	---
1.99999994343614	10	1.99999994343614	4	1.99999994343614	---	1.99999994343614	---
2.24999993636566	15	2.24999993636566	1	2.24999993636566	---	2.24999993636566	---
2.49999992929518	9	2.49999992929518	9	2.49999992929518	---	2.49999992929518	---
2.7499999222247	16	2.7499999222247	1	2.7499999222247	---	2.7499999222247	---
2.99999991515421	6	2.99999991515421	4	2.99999991515421	---	2.99999991515421	---
3.24999990808373	11	3.24999990808373	5	3.24999990808373	---	3.24999990808373	---
3.49999990101325	10	3.49999990101325	5	3.49999990101325	---	3.49999990101325	---
3.74999989394277	14	3.74999989394277	2	3.74999989394277	---	3.74999989394277	---
3.99999988687229	11	3.99999988687229	9	3.99999988687229	---	3.99999988687229	---
4.2499998798018	12	4.2499998798018	2	4.2499998798018	---	4.2499998798018	---
4.49999987273132	10	4.49999987273132	4	4.49999987273132	---	4.49999987273132	---
4.74999986566084	12	4.74999986566084	5	4.74999986566084	---	4.74999986566084	---
4.99999985859036	7	4.99999985859036	3	4.99999985859036	---	4.99999985859036	---
5.24999985151988	9	5.24999985151988	1	5.24999985151988	---	5.24999985151988	---
5.49999984444939	10	5.49999984444939	7	5.49999984444939	---	5.49999984444939	---
5.74999983737891	9	5.74999983737891	2	5.74999983737891	---	5.74999983737891	---
5.99999983030843	10	5.99999983030843	1	5.99999983030843	---	5.99999983030843	---
6.24999982323795	15	6.24999982323795	9	6.24999982323795	---	6.24999982323795	---
6.49999981616746	5	6.49999981616746	7	6.49999981616746	---	6.49999981616746	---
6.74999980909698	14	6.74999980909698	2	6.74999980909698	---	6.74999980909698	---
6.9999998020265	7	6.9999998020265	6	6.9999998020265	---	6.9999998020265	---
7.24999979495602	15	7.24999979495602	5	7.24999979495602	---	7.24999979495602	---
7.49999978788553	9	7.49999978788553	6	7.49999978788553	---	7.49999978788553	---
7.74999978081505	11	7.74999978081505	5	7.74999978081505	---	7.74999978081505	---
7.99999977374457	11	7.99999977374457	2	7.99999977374457	---	7.99999977374457	---
8.24999976667409	10	8.24999976667409	6	8.24999976667409	---	8.24999976667409	---
8.49999975960361	15	8.49999975960361	3	8.49999975960361	---	8.49999975960361	---
8.74999975253313	13	8.74999975253313	4	8.74999975253313	---	8.74999975253313	---
8.99999974546264	13	8.99999974546264	4	8.99999974546264	---	8.99999974546264	---
9.24999973839216	8	9.24999973839216	5	9.24999973839216	---	9.24999973839216	---
9.49999973132168	9	9.49999973132168	4	9.49999973132168	---	9.49999973132168	---
9.7499997242512	13	9.7499997242512	1	9.7499997242512	---	9.7499997242512	---
9.99999971718071	11	9.99999971718071	2	9.99999971718071	---	9.99999971718071	---
10.2499997101102	9	10.2499997101102	2	10.2499997101102	---	10.2499997101102	---
10.4999997030398	14	10.4999997030398	4	10.4999997030398	---	10.4999997030398	---
10.7499996959693	10	10.7499996959693	6	10.7499996959693	---	10.7499996959693	---
10.9999996888988	9	10.9999996888988	1	10.9999996888988	---	10.9999996888988	---
11.2499996818283	9	11.2499996818283	4	11.2499996818283	---	11.2499996818283	---
11.4999996747578	14	11.4999996747578	2	11.4999996747578	---	11.4999996747578	---
11.7499996676873	17	11.7499996676873	2	11.7499996676873	---	11.7499996676873	---
11.9999996606169	7	11.9999996606169	1	11.9999996606169	---	11.9999996606169	---
12.2499996535464	11	12.2499996535464	2	12.2499996535464	---	12.2499996535464	---
12.4999996464759	11	12.4999996464759	5	12.4999996464759	---	12.4999996464759	---
12.7499996394054	17	12.7499996394054	2	12.7499996394054	---	12.7499996394054	---
12.9999996323349	10	12.9999996323349	2	12.9999996323349	---	12.9999996323349	---
13.2499996252644	16	13.2499996252644	3	13.2499996252644	---	13.2499996252644	---
13.499999618194	9	13.499999618194	3	13.499999618194	---	13.499999618194	---
13.7499996111235	6	13.7499996111235	2	13.7499996111235	---	13.7499996111235	---
13.999999604053	16	13.999999604053	1	13.999999604053	---	13.999999604053	---
14.2499995969825	7	14.2499995969825	7	14.2499995969825	---	14.2499995969825	---
14.499999589912	13	14.499999589912	4	14.499999589912	---	14.499999589912	---
14.7499995828416	10	14.7499995828416	5	14.7499995828416	---	14.7499995828416	---
14.9999995757711	11	14.9999995757711	3	14.9999995757711	---	14.9999995757711	---
15.2499995687006	11	15.2499995687006	2	15.2499995687006	---	15.2499995687006	---
15.4999995616301	15	15.4999995616301	8	15.4999995616301	---	15.4999995616301	---
15.7499995545596	8	15.7499995545596	4	15.7499995545596	---	15.7499995545596	---
15.9999995474891	12	15.9999995474891	3	15.9999995474891	---	15.9999995474891	---
16.2499995404187	12	16.2499995404187	3	16.2499995404187	---	16.2499995404187	---
16.4999995333482	9	16.4999995333482	2	16.4999995333482	---	16.4999995333482	---
16.7499995262777	12	16.7499995262777	3	16.7499995262777	---	16.7499995262777	---
16.9999995192072	10	16.9999995192072	4	16.9999995192072	---	16.9999995192072	---
17.2499995121367	15	17.2499995121367	3	17.2499995121367	---	17.2499995121367	---
17.4999995050662	9	17.4999995050662	4	17.4999995050662	---	17.4999995050662	---
17.7499994979958	13	17.7499994979958	4	17.7499994979958	---	17.7499994979958	---
17.9999994909253	12	17.9999994909253	3	17.9999994909253	---	17.9999994909253	---
18.2499994838548	8	18.2499994838548	8	18.2499994838548	---	18.2499994838548	---
18.4999994767843	11	18.4999994767843	27	18.4999994767843	---	18.4999994767843	---
18.7499994697138	62	18.7499994697138	557	18.7499994697138	---	18.7499994697138	---
18.9999994626434	238	18.9999994626434	1749	18.9999994626434	---	18.9999994626434	---
19.2499994555729	175	19.2499994555729	2255	19.2499994555729	---	19.2499994555729	---
19.4999994485024	68	19.4999994485024	2058	19.4999994485024	---	19.4999994485024	---
19.7499994414319	20	19.7499994414319	1874	19.7499994414319	---	19.7499994414319	---
19.9999994343614	17	19.9999994343614	1646	19.9999994343614	---	19.9999994343614	---
20.2499994272909	10	20.2499994272909	1503	20.2499994272909	---	20.2499994272909	---
20.4999994202205	10	20.4999994202205	1328	20.4999994202205	---	20.4999994202205	---
20.74999941315	15	20.74999941315	1239	20.74999941315	---	20.74999941315	---
20.9999994060795	12	20.9999994060795	1083	20.9999994060795	---	20.9999994060795	---
21.249999399009	10	21.249999399009	1034	21.249999399009	---	21.249999399009	---
21.4999993919385	6	21.4999993919385	912	21.4999993919385	---	21.4999993919385	---
21.7499993848681	11	21.7499993848681	815	21.7499993848681	773.887451171875	21.7499993848681	1.44010972976685
21.9999993777976	13	21.9999993777976	763	21.9999993777976	722.421936035156	21.9999993777976	1.46902453899384
22.2499993707271	13	22.2499993707271	664	22.2499993707271	674.544250488281	22.2499993707271	-0.40919628739357
22.4999993636566	9	22.4999993636566	668	22.4999993636566	630.019958496094	22.4999993636566	1.46949195861816
22.7499993565861	12	22.7499993565861	609	22.7499993565861	588.571655273437	22.7499993565861	0.827798306941986
22.9999993495156	5	22.9999993495156	561	22.9999993495156	550.009521484375	22.9999993495156	0.464018374681473
23.2499993424452	16	23.2499993424452	545	23.2499993424452	514.139282226562	23.2499993424452	1.3219279050827
23.4999993353747	13	23.4999993353747	488	23.4999993353747	480.759063720703	23.4999993353747	0.327781796455383
23.7499993283042	11	23.7499993283042	433	23.7499993283042	449.680908203125	23.7499993283042	-0.801633298397064
23.9999993212337	14	23.9999993212337	392	23.9999993212337	420.765594482422	23.9999993212337	-1.45288193225861
24.2499993141632	12	24.2499993141632	393	24.2499993141632	393.849609375	24.2499993141632	-0.0428571254014969
24.4999993070927	5	24.4999993070927	350	24.4999993070927	368.794311523438	24.4999993070927	-1.00459825992584
24.7499993000223	11	24.7499993000223	323	24.7499993000223	345.449829101562	24.7499993000223	-1.24914193153381
24.9999992929518	12	24.9999992929518	303	24.9999992929518	323.755340576172	24.9999992929518	-1.19236314296722
25.2499992858813	10	25.2499992858813	276	25.2499992858813	303.536682128906	25.2499992858813	-1.65751349925995
25.4999992788108	6	25.4999992788108	277	25.4999992788108	284.681884765625	25.4999992788108	-0.46155971288681
25.7499992717403	15	25.7499992717403	252	25.7499992717403	267.138366699219	25.7499992717403	-0.953627467155457
25.9999992646699	11	25.9999992646699	238	25.9999992646699	250.790283203125	25.9999992646699	-0.829070925712585
26.2499992575994	11	26.2499992575994	209	26.2499992575994	235.56037902832	26.2499992575994	-1.8372198343277
26.4999992505289	8	26.4999992505289	215	26.4999992505289	221.367630004883	26.4999992505289	-0.434268772602081
26.7499992434584	8	26.7499992434584	190	26.7499992434584	208.147705078125	26.7499992434584	-1.31657290458679
26.9999992363879	12	26.9999992363879	187	26.9999992363879	195.828002929687	26.9999992363879	-0.645567536354065
27.2499992293174	6	27.2499992293174	208	27.2499992293174	184.337219238281	27.2499992293174	1.64071869850159
27.499999222247	8	27.499999222247	145	27.499999222247	173.607177734375	27.499999222247	-2.37569689750671
27.7499992151765	9	27.7499992151765	163	27.7499992151765	163.62727355957	27.7499992151765	-0.0491318553686142
27.999999208106	10	27.999999208106	150	27.999999208106	154.296600341797	27.999999208106	-0.350815951824188
28.2499992010355	14	28.2499992010355	125	28.2499992010355	145.596939086914	28.2499992010355	-1.84224629402161
28.499999193965	9	28.499999193965	136	28.499999193965	137.485778808594	28.499999193965	-0.127404481172562
28.7499991868946	14	28.7499991868946	132	28.7499991868946	129.909942626953	28.7499991868946	0.181916147470474
28.9999991798241	11	28.9999991798241	135	28.9999991798241	122.835868835449	28.9999991798241	1.0469217300415
29.2499991727536	8	29.2499991727536	107	29.2499991727536	116.230621337891	29.2499991727536	-0.89235782623291
29.4999991656831	14	29.4999991656831	128	29.4999991656831	110.063270568848	29.4999991656831	1.5853978395462
29.7499991586126	12	29.7499991586126	99	29.7499991586126	104.300590515137	29.7499991586126	-0.532729387283325
29.9999991515421	12	29.9999991515421	105	29.9999991515421	98.9108810424805	29.9999991515421	0.594237148761749
30.2499991444717	13	30.2499991444717	110	30.2499991444717	93.8712539672852	30.2499991444717	1.5378155708313
30.4999991374012	7	30.4999991374012	116	30.4999991374012	89.1582260131836	30.4999991374012	2.49219608306885
30.7499991303307	11	30.7499991303307	96	30.7499991303307	84.7532653808594	30.7499991303307	1.14786505699158
30.9999991232602	9	30.9999991232602	89	30.9999991232602	80.6282119750977	30.9999991232602	0.887407779693603
31.2499991161897	6	31.2499991161897	95	31.2499991161897	76.7661056518555	31.2499991161897	1.87075805664062
31.4999991091192	15	31.4999991091192	83	31.4999991091192	73.1493453979492	31.4999991091192	1.08124983310699
31.7499991020488	10	31.7499991020488	88	31.7499991020488	69.7619400024414	31.7499991020488	1.94418370723724
31.9999990949783	9	31.9999990949783	66	31.9999990949783	66.5854949951172	31.9999990949783	-0.072069451212883
32.2499990879078	14	32.2499990879078	75	32.2499990879078	63.6075401306152	32.2499990879078	1.31548798084259
32.4999990808373	18	32.4999990808373	57	32.4999990808373	60.8166618347168	32.4999990808373	-0.505529224872589
32.7499990737668	15	32.7499990737668	70	32.7499990737668	58.1948280334473	32.7499990737668	1.4109879732132
32.9999990666964	20	32.9999990666964	62	32.9999990666964	55.7341270446777	32.9999990666964	0.795766651630402
33.2499990596259	12	33.2499990596259	64	33.2499990596259	53.4229393005371	33.2499990596259	1.32213258743286
33.4999990525554	15	33.4999990525554	63	33.4999990525554	51.2490234375	33.4999990525554	1.48048388957977
33.7499990454849	13	33.7499990454849	43	33.7499990454849	49.2066535949707	33.7499990454849	-0.946505784988403
33.9999990384144	14	33.9999990384144	47	33.9999990384144	47.2836494445801	33.9999990384144	-0.0413745231926441
34.2499990313439	7	34.2499990313439	50	34.2499990313439	45.4741401672363	34.2499990313439	0.64005321264267
34.4999990242735	7	34.4999990242735	43	34.4999990242735	43.7699546813965	34.4999990242735	-0.117416985332966
34.749999017203	10	34.749999017203	52	34.749999017203	42.1627235412598	34.749999017203	1.36418473720551
34.9999990101325	11	34.9999990101325	40	34.9999990101325	40.6469345092773	34.9999990101325	-0.102289326488972
35.249999003062	11	35.249999003062	43	35.249999003062	39.2186965942383	35.249999003062	0.576643347740173
35.4999989959915	8	35.4999989959915	31	35.4999989959915	37.8679542541504	35.4999989959915	-1.23352098464966
35.749998988921	14	35.749998988921	41	35.749998988921	36.5933380126953	35.749998988921	0.688205003738403
35.9999989818506	13	35.9999989818506	34	35.9999989818506	35.3870735168457	35.9999989818506	-0.237881138920784
36.2499989747801	11	36.2499989747801	40	36.2499989747801	34.2465438842773	36.2499989747801	0.909701287746429
36.4999989677096	14	36.4999989677096	44	36.4999989677096	33.1661109924316	36.4999989677096	1.63327026367187
36.7499989606391	12	36.7499989606391	37	36.7499989606391	32.1410789489746	36.7499989606391	0.798801720142365
36.9999989535686	6	36.9999989535686	22	36.9999989535686	31.1728458404541	36.9999989535686	-1.95565736293793
37.2499989464982	6	37.2499989464982	31	37.2499989464982	30.2521152496338	37.2499989464982	0.134324073791504
37.4999989394277	12	37.4999989394277	34	37.4999989394277	29.3775024414063	37.4999989394277	0.792751789093018
37.7499989323572	11	37.7499989323572	32	37.7499989323572	28.5471153259277	37.7499989323572	0.610389530658722
37.9999989252867	8	37.9999989252867	29	37.9999989252867	27.7571067810059	37.9999989252867	0.230799481272697
38.2499989182162	15	38.2499989182162	28	38.2499989182162	27.0048446655273	38.2499989182162	0.188066676259041
38.4999989111457	12	38.4999989111457	30	38.4999989111457	26.2897434234619	38.4999989111457	0.677397072315216
38.7499989040753	9	38.7499989040753	27	38.7499989040753	25.6062030792236	38.7499989040753	0.268236339092255
38.9999988970048	10	38.9999988970048	27	38.9999988970048	24.9556617736816	38.9999988970048	0.393433064222336
39.2499988899343	10	39.2499988899343	29	39.2499988899343	24.3340454101562	39.2499988899343	0.866446018218994
39.4999988828638	12	39.4999988828638	20	39.4999988828638	23.7397747039795	39.4999988828638	-0.836239039897919
39.7499988757933	13	39.7499988757933	26	39.7499988757933	23.171968460083	39.7499988757933	0.55462259054184
39.9999988687229	6	39.9999988687229	27	39.9999988687229	22.6279201507568	39.9999988687229	0.841407179832458
40.2499988616524	13	40.2499988616524	28	40.2499988616524	22.1076412200928	40.2499988616524	1.11355113983154
40.4999988545819	8	40.4999988545819	24	40.4999988545819	21.6088924407959	40.4999988545819	0.48808279633522
40.7499988475114	12	40.7499988475114	25	40.7499988475114	21.1302814483643	40.7499988475114	0.773943722248077
40.9999988404409	22	40.9999988404409	28	40.9999988404409	20.6707668304443	40.9999988404409	1.38509488105774
41.2499988333704	14	41.2499988333704	19	41.2499988333704	20.2294101715088	41.2499988333704	-0.282046049833298
41.4999988263	16	41.4999988263	16	41.4999988263	19.8051433563232	41.4999988263	-0.95128583908081
41.7499988192295	16	41.7499988192295	14	41.7499988192295	19.3968925476074	41.7499988192295	-1.44238018989563
41.999998812159	16	41.999998812159	15	41.999998812159	19.0037803649902	41.999998812159	-1.03377163410187
42.2499988050885	7	42.2499988050885	15	42.2499988050885	18.6248970031738	42.2499988050885	-0.935944378376007
42.499998798018	15	42.499998798018	16	42.499998798018	18.2596111297607	42.499998798018	-0.564902782440186
42.7499987909476	8	42.7499987909476	22	42.7499987909476	17.907154083252	42.7499987909476	0.872597694396973
42.9999987838771	15	42.9999987838771	24	42.9999987838771	17.5667724609375	42.9999987838771	1.31317710876465
43.2499987768066	11	43.2499987768066	19	43.2499987768066	17.237813949585	43.2499987768066	0.404273211956024
43.4999987697361	17	43.4999987697361	9	43.4999987697361	16.9195365905762	43.4999987697361	-2.63984560966492
43.7499987626656	17	43.7499987626656	18	43.7499987626656	16.6121501922607	43.7499987626656	0.32711935043335
43.9999987555951	4	43.9999987555951	11	43.9999987555951	16.3136863708496	43.9999987555951	-1.60213673114777
44.2499987485247	5	44.2499987485247	14	44.2499987485247	16.0254077911377	44.2499987485247	-0.541312992572784
44.4999987414542	13	44.4999987414542	16	44.4999987414542	15.7458190917969	44.4999987414542	0.0635452270507812
44.7499987343837	18	44.7499987343837	15	44.7499987343837	15.4742803573608	44.7499987343837	-0.122458659112453
44.9999987273132	16	44.9999987273132	16	44.9999987273132	15.2109222412109	44.9999987273132	0.197269439697266
45.2499987202427	9	45.2499987202427	16	45.2499987202427	14.9558563232422	45.2499987202427	0.261035919189453
45.4999987131722	11	45.4999987131722	12	45.4999987131722	14.7066850662231	45.4999987131722	-0.781352698802948
45.7499987061018	6	45.7499987061018	15	45.7499987061018	14.4659843444824	45.7499987061018	0.137882247567177
45.9999986990313	14	45.9999986990313	17	45.9999986990313	14.2313480377197	45.9999986990313	0.671496748924255
46.2499986919608	12	46.2499986919608	18	46.2499986919608	14.0017766952515	46.2499986919608	0.942390263080597
46.4999986848903	10	46.4999986848903	15	46.4999986848903	13.7806797027588	46.4999986848903	0.314827144145966
46.7499986778198	7	46.7499986778198	11	46.7499986778198	13.5635328292847	46.7499986778198	-0.772934257984161
46.9999986707494	14	46.9999986707494	6	46.9999986707494	13.3522472381592	46.9999986707494	-3.00154232978821
47.2499986636789	13	47.2499986636789	13	47.2499986636789	13.1469631195068	47.2499986636789	-0.0407602339982986
47.4999986566084	12	47.4999986566084	14	47.4999986566084	12.9463548660278	47.4999986566084	0.281598508358002
47.7499986495379	12	47.7499986495379	12	47.7499986495379	12.750470161438	47.7499986495379	-0.216642081737518
47.9999986424674	13	47.9999986424674	9	47.9999986424674	12.559154510498	47.9999986424674	-1.18638479709625
48.2499986353969	8	48.2499986353969	16	48.2499986353969	12.3736619949341	48.2499986353969	0.906584501266479
48.4999986283265	7	48.4999986283265	12	48.4999986283265	12.1914081573486	48.4999986283265	-0.0552547760307789
48.749998621256	10	48.749998621256	18	48.749998621256	12.013669013977	48.749998621256	1.41099178791046
48.9999986141855	11	48.9999986141855	13	48.9999986141855	11.8398685455322	48.9999986141855	0.321762561798096
49.249998607115	7	49.249998607115	16	49.249998607115	11.6702318191528	49.249998607115	1.08244204521179
49.4999986000445	6	49.4999986000445	10	49.4999986000445	11.5042572021484	49.4999986000445	-0.475687891244888
49.7499985929741	3	49.7499985929741	15	49.7499985929741	11.3421316146851	49.7499985929741	0.944457530975342
49.9999985859036	11	49.9999985859036	11	49.9999985859036	11.1834278106689	49.9999985859036	-0.0553055666387081
50.2499985788331	10	50.2499985788331	6	50.2499985788331	11.0280618667603	50.2499985788331	-2.05269765853882
50.4999985717626	11	50.4999985717626	6	50.4999985717626	10.876148223877	50.4999985717626	-1.99067914485931
50.7499985646921	5	50.7499985646921	9	50.7499985646921	10.7271976470947	50.7499985646921	-0.575732529163361
50.9999985576216	10	50.9999985576216	13	50.9999985576216	10.5814962387085	50.9999985576216	0.670772254467011
51.2499985505512	11	51.2499985505512	12	51.2499985505512	10.4389142990112	51.2499985505512	0.450646638870239
51.4999985434807	7	51.4999985434807	11	51.4999985434807	10.2991943359375	51.4999985434807	0.211300864815712
51.7499985364102	11	51.7499985364102	9	51.7499985364102	10.1623067855835	51.7499985364102	-0.387435585260391
51.9999985293397	13	51.9999985293397	12	51.9999985293397	10.0282182693481	51.9999985293397	0.569204330444336
52.2499985222692	13	52.2499985222692	6	52.2499985222692	9.89677143096924	52.2499985222692	-1.59085023403168
52.4999985151987	14	52.4999985151987	7	52.4999985151987	9.76795673370361	52.4999985151987	-1.0461893081665
52.7499985081283	9	52.7499985081283	10	52.7499985081283	9.6417236328125	52.7499985081283	0.113296933472157
52.9999985010578	9	52.9999985010578	9	52.9999985010578	9.5177059173584	52.9999985010578	-0.172568634152412
53.2499984939873	11	53.2499984939873	8	53.2499984939873	9.39649200439453	53.2499984939873	-0.4937344789505
53.4999984869168	6	53.4999984869168	8	53.4999984869168	9.27736091613769	53.4999984869168	-0.451615273952484
53.7499984798463	10	53.7499984798463	12	53.7499984798463	9.16044521331787	53.7499984798463	0.81970888376236
53.9999984727759	9	53.9999984727759	10	53.9999984727759	9.04602146148682	53.9999984727759	0.301674515008926
54.2499984657054	8	54.2499984657054	4	54.2499984657054	8.93336200714111	54.2499984657054	-2.46668100357056
54.4999984586349	9	54.4999984586349	12	54.4999984586349	8.8231372833252	54.4999984586349	0.917081296443939
54.7499984515644	16	54.7499984515644	9	54.7499984515644	8.71493339538574	54.7499984515644	0.0950222015380859
54.9999984444939	11	54.9999984444939	13	54.9999984444939	8.60868072509766	54.9999984444939	1.21793282032013
55.2499984374234	7	55.2499984374234	14	55.2499984374234	8.50488090515137	55.2499984374234	1.46863234043121
55.499998430353	5	55.499998430353	11	55.499998430353	8.40237426757812	55.499998430353	0.78321361541748
55.7499984232825	11	55.7499984232825	8	55.7499984232825	8.30228233337402	55.7499984232825	-0.106872946023941
55.999998416212	12	55.999998416212	13	55.999998416212	8.20326805114746	55.999998416212	1.33037412166595
56.2499984091415	7	56.2499984091415	4	56.2499984091415	8.10638236999512	56.2499984091415	-2.05319118499756
56.499998402071	9	56.499998402071	8	56.499998402071	8.01139354705811	56.499998402071	-0.00402822718024254
56.7499983950006	19	56.7499983950006	10	56.7499983950006	7.91800308227539	56.7499983950006	0.658385217189789
56.9999983879301	8	56.9999983879301	5	56.9999983879301	7.82705116271973	56.9999983879301	-1.26429569721222
57.2499983808596	10	57.2499983808596	8	57.2499983808596	7.73668575286865	57.2499983808596	0.0930956453084946
57.4999983737891	10	57.4999983737891	8	57.4999983737891	7.64837169647217	57.4999983737891	0.12431938201189
57.7499983667186	12	57.7499983667186	3	57.7499983667186	7.56152629852295	57.7499983667186	-2.63359832763672
57.9999983596481	7	57.9999983596481	6	57.9999983596481	7.47639560699463	57.9999983596481	-0.602735996246338
58.2499983525777	12	58.2499983525777	7	58.2499983525777	7.39268016815186	58.2499983525777	-0.14841915667057
58.4999983455072	14	58.4999983455072	4	58.4999983455072	7.31058788299561	58.4999983455072	-1.6552939414978
58.7499983384367	10	58.7499983384367	6	58.7499983384367	7.22986125946045	58.7499983384367	-0.502088785171509
58.9999983313662	9	58.9999983313662	6	58.9999983313662	7.15048122406006	58.9999983313662	-0.469681978225708
59.2499983242957	8	59.2499983242957	8	59.2499983242957	7.07243919372559	59.2499983242957	0.327942281961441
59.4999983172253	11	59.4999983172253	8	59.4999983172253	6.99589252471924	59.4999983172253	0.355005592107773
59.7499983101548	9	59.7499983101548	7	59.7499983101548	6.92078399658203	59.7499983101548	0.0299408342689276
59.9999983030843	13	59.9999983030843	4	59.9999983030843	6.84679222106934	59.9999983030843	-1.42339611053467
60.2499982960138	16	60.2499982960138	4	60.2499982960138	6.77419185638428	60.2499982960138	-1.38709592819214
60.4999982889433	11	60.4999982889433	10	60.4999982889433	6.70292854309082	60.4999982889433	1.04262554645538
60.7499982818728	14	60.7499982818728	9	60.7499982818728	6.63286209106445	60.7499982818728	0.789045989513397
60.9999982748024	8	60.9999982748024	7	60.9999982748024	6.5639820098877	60.9999982748024	0.164799302816391
61.2499982677319	8	61.2499982677319	9	61.2499982677319	6.49628591537476	61.2499982677319	0.834571361541748
61.4999982606614	8	61.4999982606614	8	61.4999982606614	6.42980813980103	61.4999982606614	0.555146634578705
61.7499982535909	9	61.7499982535909	5	61.7499982535909	6.36449527740478	61.7499982535909	-0.610220849514008
61.9999982465204	17	61.9999982465204	7	61.9999982465204	6.30027294158936	61.9999982465204	0.264471977949142
62.2499982394499	11	62.2499982394499	8	62.2499982394499	6.23717784881592	62.2499982394499	0.623251736164093
62.4999982323795	9	62.4999982323795	10	62.4999982323795	6.17515850067139	62.4999982323795	1.20952105522156
62.749998225309	14	62.749998225309	4	62.749998225309	6.11423015594482	62.749998225309	-1.05711507797241
62.9999982182385	12	62.9999982182385	9	62.9999982182385	6.05435752868652	62.9999982182385	0.981880843639374
63.249998211168	14	63.249998211168	11	63.249998211168	5.99551582336426	63.249998211168	1.50890874862671
63.4999982040975	8	63.4999982040975	7	63.4999982040975	5.93763732910156	63.4999982040975	0.401535332202911
63.749998197027	10	63.749998197027	5	63.749998197027	5.88090467453003	63.749998197027	-0.393952548503876
63.9999981899566	10	63.9999981899566	10	63.9999981899566	5.82500457763672	63.9999981899566	1.32024943828583
64.2499981828861	5	64.2499981828861	4	64.2499981828861	5.77015113830566	64.2499981828861	-0.885075569152832
64.4999981758156	8	64.4999981758156	10	64.4999981758156	5.7160816192627	64.4999981758156	1.35469388961792
64.7499981687451	8	64.7499981687451	10	64.7499981687451	5.66303777694702	64.7499981687451	1.37146782875061
64.9999981616746	11	64.9999981616746	5	64.9999981616746	5.61086654663086	64.9999981616746	-0.273187816143036
65.2499981546042	8	65.2499981546042	6	65.2499981546042	5.55991220474243	65.2499981546042	0.179665088653564
65.4999981475337	11	65.4999981475337	10	65.4999981475337	5.50944042205811	65.4999981475337	1.42003965377808
65.7499981404632	19	65.7499981404632	3	65.7499981404632	5.45987176895142	65.7499981404632	-1.42020761966705
65.9999981333927	14	65.9999981333927	5	65.9999981333927	5.41132020950317	65.9999981333927	-0.183947995305061
66.2499981263222	14	66.2499981263222	4	66.2499981263222	5.36355972290039	66.2499981263222	-0.681779861450195
66.4999981192517	8	66.4999981192517	4	66.4999981192517	5.31669330596924	66.4999981192517	-0.658346652984619
66.7499981121813	12	66.7499981121813	4	66.7499981121813	5.27044582366943	66.7499981121813	-0.635222911834717
66.9999981051108	14	66.9999981051108	6	66.9999981051108	5.22491264343262	66.9999981051108	0.31642809510231
67.2499980980403	7	67.2499980980403	4	67.2499980980403	5.18052959442139	67.2499980980403	-0.590264797210693
67.4999980909698	6	67.4999980909698	7	67.4999980909698	5.13655185699463	67.4999980909698	0.704317212104797
67.7499980838993	6	67.7499980838993	12	67.7499980838993	5.09342908859253	67.7499980838993	1.99375534057617
67.9999980768289	7	67.9999980768289	7	67.9999980768289	5.05099296569824	67.9999980768289	0.736655414104462
68.2499980697584	14	68.2499980697584	4	68.2499980697584	5.00936508178711	68.2499980697584	-0.504682540893555
68.4999980626879	6	68.4999980626879	10	68.4999980626879	4.96839904785156	68.4999980626879	1.59113192558289
68.7499980556174	8	68.7499980556174	6	68.7499980556174	4.92820501327515	68.7499980556174	0.437558472156525
68.9999980485469	13	68.9999980485469	11	68.9999980485469	4.88875484466553	68.9999980485469	1.84260976314545
69.2499980414764	5	69.2499980414764	5	69.2499980414764	4.84983539581299	69.2499980414764	0.0671556517481804
69.499998034406	11	69.499998034406	9	69.499998034406	4.81155300140381	69.499998034406	1.39614903926849
69.7499980273355	10	69.7499980273355	6	69.7499980273355	4.77406311035156	69.7499980273355	0.500486612319946
69.999998020265	11	69.999998020265	6	69.999998020265	4.73710346221924	69.999998020265	0.515575349330902
70.2499980131945	8	70.2499980131945	7	70.2499980131945	4.70088577270508	70.2499980131945	0.868983507156372
70.499998006124	6	70.499998006124	7	70.499998006124	4.66519260406494	70.499998006124	0.8824742436409
70.7499979990535	11	70.7499979990535	8	70.7499979990535	4.63009452819824	70.7499979990535	1.19144153594971
70.9999979919831	19	70.9999979919831	7	70.9999979919831	4.59562969207764	70.9999979919831	0.908766567707062
71.2499979849126	10	71.2499979849126	4	71.2499979849126	4.56173801422119	71.2499979849126	-0.280869007110596
71.4999979778421	11	71.4999979778421	4	71.4999979778421	4.52844524383545	71.4999979778421	-0.264222621917725
71.7499979707716	13	71.7499979707716	7	71.7499979707716	4.49570751190186	71.7499979707716	0.946533560752869
71.9999979637011	12	71.9999979637011	6	71.9999979637011	4.46352386474609	71.9999979637011	0.627263784408569
72.2499979566307	16	72.2499979566307	3	72.2499979566307	4.43189382553101	72.2499979566307	-0.826704263687134
72.4999979495602	10	72.4999979495602	4	72.4999979495602	4.40079832077026	72.4999979495602	-0.200399160385132
72.7499979424897	13	72.7499979424897	6	72.7499979424897	4.37023544311523	72.7499979424897	0.665348589420319
72.9999979354192	15	72.9999979354192	5	72.9999979354192	4.34020471572876	72.9999979354192	0.295069426298142
73.2499979283487	9	73.2499979283487	6	73.2499979283487	4.31067419052124	73.2499979283487	0.689664363861084
73.4999979212782	9	73.4999979212782	7	73.4999979212782	4.28163957595825	73.4999979212782	1.02744364738464
73.7499979142078	13	73.7499979142078	4	73.7499979142078	4.25308656692505	73.7499979142078	-0.126543283462524
73.9999979071373	16	73.9999979071373	7	73.9999979071373	4.22500228881836	73.9999979071373	1.04885053634644
74.2499979000668	16	74.2499979000668	4	74.2499979000668	4.19746208190918	74.2499979000668	-0.0987310409545898
74.4999978929963	14	74.4999978929963	5	74.4999978929963	4.17038822174072	74.4999978929963	0.371013671159744
74.7499978859258	9	74.7499978859258	8	74.7499978859258	4.14376831054687	74.7499978859258	1.36338376998901
74.9999978788553	10	74.9999978788553	5	74.9999978788553	4.11746835708618	74.9999978788553	0.394680142402649
75.2499978717849	7	75.2499978717849	3	75.2499978717849	4.09183883666992	75.2499978717849	-0.630373418331146
75.4999978647144	14	75.4999978647144	2	75.4999978647144	4.06645631790161	75.4999978647144	-1.46120524406433
75.7499978576439	15	75.7499978576439	5	75.7499978576439	4.0415210723877	75.7499978576439	0.428644806146622
75.9999978505734	10	75.9999978505734	8	75.9999978505734	4.01714420318604	75.9999978505734	1.40815222263336
76.2499978435029	9	76.2499978435029	6	76.2499978435029	3.99316835403442	76.2499978435029	0.819285571575165
76.4999978364325	12	76.4999978364325	4	76.4999978364325	3.96939086914063	76.4999978364325	0.0153045654296875
76.749997829362	15	76.749997829362	6	76.749997829362	3.94610214233398	76.749997829362	0.838500261306763
76.9999978222915	11	76.9999978222915	6	76.9999978222915	3.92345476150513	76.9999978222915	0.847746014595032
77.249997815221	11	77.249997815221	7	77.249997815221	3.90095615386963	77.249997815221	1.17132842540741
77.4999978081505	17	77.4999978081505	7	77.4999978081505	3.878830909729	77.4999978081505	1.17969107627869
77.74999780108	8	77.74999780108	4	77.74999780108	3.85721778869629	77.74999780108	0.0713911056518555
77.9999977940096	11	77.9999977940096	6	77.9999977940096	3.83580183982849	77.9999977940096	0.88353019952774
78.2499977869391	17	78.2499977869391	5	78.2499977869391	3.81492590904236	78.2499977869391	0.529981255531311
78.4999977798686	14	78.4999977798686	7	78.4999977798686	3.79431247711182	78.4999977798686	1.21163594722748
78.7499977727981	19	78.7499977727981	4	78.7499977727981	3.77402877807617	78.7499977727981	0.112985610961914
78.9999977657276	9	78.9999977657276	5	78.9999977657276	3.75417804718018	78.9999977657276	0.557148516178131
79.2499977586572	7	79.2499977586572	7	79.2499977586572	3.73454093933105	79.2499977586572	1.23422753810883
79.4999977515867	8	79.4999977515867	3	79.4999977515867	3.71531963348389	79.4999977515867	-0.412989974021912
79.7499977445162	9	79.7499977445162	3	79.7499977445162	3.6964066028595	79.7499977445162	-0.402070552110672
79.9999977374457	12	79.9999977374457	7	79.9999977374457	3.67783880233765	79.9999977374457	1.25565886497498
80.2499977303752	13	80.2499977303752	9	80.2499977303752	3.65953636169434	80.2499977303752	1.78015458583832
80.4999977233047	16	80.4999977233047	5	80.4999977233047	3.64156889915466	80.4999977233047	0.607508838176727
80.7499977162343	9	80.7499977162343	3	80.7499977162343	3.62389779090881	80.7499977162343	-0.360207557678223
80.9999977091638	13	80.9999977091638	7	80.9999977091638	3.60656666755676	80.9999977091638	1.28259718418121
81.2499977020933	5	81.2499977020933	5	81.2499977020933	3.58947849273682	81.2499977020933	0.630804419517517
81.4999976950228	17	81.4999976950228	1	81.4999976950228	3.57271265983582	81.4999976950228	-2.57271265983582
81.7499976879523	13	81.7499976879523	6	81.7499976879523	3.55622434616089	81.7499976879523	0.997667253017426
81.9999976808818	9	81.9999976808818	4	81.9999976808818	3.54000496864319	81.9999976808818	0.229997515678406
82.2499976738114	13	82.2499976738114	6	82.2499976738114	3.52407884597778	82.2499976738114	1.01079058647156
82.4999976667409	9	82.4999976667409	7	82.4999976667409	3.50841331481934	82.4999976667409	1.31969571113586
82.7499976596704	17	82.7499976596704	6	82.7499976596704	3.49301862716675	82.7499976596704	1.02347087860107
82.9999976525999	10	82.9999976525999	6	82.9999976525999	3.47787308692932	82.9999976525999	1.02965402603149
83.2499976455294	9	83.2499976455294	8	83.2499976455294	3.46299457550049	83.2499976455294	1.60407364368439
83.499997638459	11	83.499997638459	6	83.499997638459	3.44836831092834	83.499997638459	1.04169929027557
83.7499976313885	13	83.7499976313885	5	83.7499976313885	3.43397784233093	83.7499976313885	0.700346410274506
83.999997624318	13	83.999997624318	5	83.999997624318	3.41986989974976	83.999997624318	0.70665568113327
84.2499976172475	8	84.2499976172475	2	84.2499976172475	3.40595149993897	84.2499976172475	-0.99415785074234
84.499997610177	6	84.499997610177	5	84.499997610177	3.39231777191162	84.499997610177	0.718977332115173
84.7499976031065	7	84.7499976031065	9	84.7499976031065	3.37889790534973	84.7499976031065	1.87370073795319
84.9999975960361	8	84.9999975960361	3	84.9999975960361	3.36571955680847	84.9999975960361	-0.211148291826248
85.2499975889656	6	85.2499975889656	7	85.2499975889656	3.35273790359497	85.2499975889656	1.3785355091095
85.4999975818951	12	85.4999975818951	3	85.4999975818951	3.3399658203125	85.4999975818951	-0.196279361844063
85.7499975748246	16	85.7499975748246	5	85.7499975748246	3.32742094993591	85.7499975748246	0.748000085353851
85.9999975677541	13	85.9999975677541	5	85.9999975677541	3.31513047218323	85.9999975677541	0.753496587276459
86.2499975606836	13	86.2499975606836	1	86.2499975606836	3.30295467376709	86.2499975606836	-2.30295467376709
86.4999975536132	10	86.4999975536132	3	86.4999975536132	3.29105544090271	86.4999975536132	-0.168040931224823
86.7499975465427	9	86.7499975465427	3	86.7499975465427	3.2793447971344	86.7499975465427	-0.161279797554016
86.9999975394722	11	86.9999975394722	5	86.9999975394722	3.26785278320313	86.9999975394722	0.774639785289764
87.2499975324017	9	87.2499975324017	5	87.2499975324017	3.25650405883789	87.2499975324017	0.779715061187744
87.4999975253312	12	87.4999975253312	4	87.4999975253312	3.24544191360474	87.4999975253312	0.377279043197632
87.7499975182608	11	87.7499975182608	3	87.7499975182608	3.23450016975403	87.7499975182608	-0.135388731956482
87.9999975111903	10	87.9999975111903	6	87.9999975111903	3.22378444671631	87.9999975111903	1.13338530063629
88.2499975041198	14	88.2499975041198	7	88.2499975041198	3.21316909790039	88.2499975041198	1.43128752708435
88.4999974970493	10	88.4999974970493	5	88.4999974970493	3.20278906822205	88.4999974970493	0.803737163543701
88.7499974899788	15	88.7499974899788	6	88.7499974899788	3.19257354736328	88.7499974899788	1.14612710475922
88.9999974829084	9	88.9999974829084	3	88.9999974829084	3.18254995346069	88.9999974829084	-0.105395264923573
89.2499974758379	12	89.2499974758379	6	89.2499974758379	3.17271113395691	89.2499974758379	1.15423583984375
89.4999974687674	17	89.4999974687674	4	89.4999974687674	3.16300392150879	89.4999974687674	0.418498039245605
89.7499974616969	10	89.7499974616969	3	89.7499974616969	3.15347671508789	89.7499974616969	-0.0886098220944405
89.9999974546264	9	89.9999974546264	7	89.9999974546264	3.14412331581116	89.9999974546264	1.45738434791565
90.2499974475559	11	90.2499974475559	4	90.2499974475559	3.13488435745239	90.2499974475559	0.432557821273804
90.4999974404855	8	90.4999974404855	5	90.4999974404855	3.12584900856018	90.4999974404855	0.838145792484283
90.749997433415	11	90.749997433415	4	90.749997433415	3.11693048477173	90.749997433415	0.441534757614136
90.9999974263445	8	90.9999974263445	5	90.9999974263445	3.10818839073181	90.9999974263445	0.846043884754181
91.249997419274	17	91.249997419274	3	91.249997419274	3.09959936141968	91.249997419274	-0.0575037188827991
91.4999974122035	16	91.4999974122035	4	91.4999974122035	3.09114170074463	91.4999974122035	0.454429149627686
91.749997405133	13	91.749997405133	5	91.749997405133	3.08283281326294	91.749997405133	0.857383251190186
91.9999973980626	13	91.9999973980626	6	91.9999973980626	3.07465815544128	91.9999973980626	1.19426584243774
92.2499973909921	10	92.2499973909921	6	92.2499973909921	3.06663012504578	92.2499973909921	1.19754326343536
92.4999973839216	8	92.4999973839216	8	92.4999973839216	3.05873560905457	92.4999973839216	1.74700081348419
92.7499973768511	18	92.7499973768511	8	92.7499973768511	3.05097436904907	92.7499973768511	1.74974477291107
92.9999973697806	12	92.9999973697806	8	92.9999973697806	3.04334616661072	92.9999973697806	1.75244176387787
93.2499973627102	13	93.2499973627102	2	93.2499973627102	3.03585028648376	93.2499973627102	-0.732456743717194
93.4999973556397	10	93.4999973556397	3	93.4999973556397	3.02847909927368	93.4999973556397	-0.0164424162358046
93.7499973485692	7	93.7499973485692	2	93.7499973485692	3.02123165130615	93.7499973485692	-0.722119808197021
93.9999973414987	7	93.9999973414987	8	93.9999973414987	3.01409888267517	93.9999973414987	1.76278221607208
94.2499973344282	10	94.2499973344282	4	94.2499973344282	3.0071132183075	94.2499973344282	0.496443390846252
94.4999973273577	12	94.4999973273577	3	94.4999973273577	3.0002121925354	94.4999973273577	-0.000122509416542016
94.7499973202873	9	94.7499973202873	6	94.7499973202873	2.99345278739929	94.7499973202873	1.22741770744324
94.9999973132168	12	94.9999973132168	3	94.9999973132168	2.98680710792542	94.9999973132168	0.00761691993102431
95.2499973061463	14	95.2499973061463	3	95.2499973061463	2.98027110099793	95.2499973061463	0.0113904848694801
95.4999972990758	8	95.4999972990758	3	95.4999972990758	2.97384166717529	95.4999972990758	0.0151025205850601
95.7499972920053	8	95.7499972920053	6	95.7499972920053	2.96751666069031	95.7499972920053	1.23800611495972
95.9999972849348	17	95.9999972849348	3	95.9999972849348	2.96131801605225	95.9999972849348	0.0223330538719893
96.2499972778644	9	96.2499972778644	1	96.2499972778644	2.95519256591797	96.2499972778644	-1.95519256591797
96.4999972707939	15	96.4999972707939	5	96.4999972707939	2.94920635223389	96.4999972707939	0.917142808437347
96.7499972637234	9	96.7499972637234	3	96.7499972637234	2.94331741333008	96.7499972637234	0.0327257066965103
96.9999972566529	13	96.9999972566529	1	96.9999972566529	2.9375057220459	96.9999972566529	-1.9375057220459
97.2499972495824	12	97.2499972495824	6	97.2499972495824	2.93180060386658	97.2499972495824	1.25258719921112
97.4999972425119	10	97.4999972425119	3	97.4999972425119	2.92618298530579	97.4999972425119	0.0426182746887207
97.7499972354415	14	97.7499972354415	9	97.7499972354415	2.92068839073181	97.7499972354415	2.02643728256226
97.999997228371	7	97.999997228371	6	97.999997228371	2.9152729511261	97.999997228371	1.25933456420898
98.2499972213005	15	98.2499972213005	6	98.2499972213005	2.90995955467224	98.2499972213005	1.26150369644165
98.49999721423	10	98.49999721423	5	98.49999721423	2.90471315383911	98.49999721423	0.937040746212006
98.7499972071596	17	98.7499972071596	1	98.7499972071596	2.89956641197205	98.7499972071596	-1.89956641197205
98.9999972000891	15	98.9999972000891	2	98.9999972000891	2.89451599121094	98.9999972000891	-0.632518351078033
99.2499971930186	10	99.2499971930186	4	99.2499971930186	2.88953232765198	99.2499971930186	0.555233836174011
99.4999971859481	12	99.4999971859481	5	99.4999971859481	2.88465428352356	99.4999971859481	0.946011364459991
99.7499971788776	8	99.7499971788776	6	99.7499971788776	2.87984299659729	99.7499971788776	1.27379870414734
99.9999971718071	15	99.9999971718071	3	99.9999971718071	2.8751208782196	99.9999971718071	0.0720989927649498
100.249997164737	13	100.249997164737	2	100.249997164737	2.87047529220581	100.249997164737	-0.615518987178802
100.499997157666	7	100.499997157666	5	100.499997157666	2.86592316627502	100.499997157666	0.954388201236725
100.749997150596	10	100.749997150596	4	100.749997150596	2.86143612861633	100.749997150596	0.569281935691833
100.999997143525	13	100.999997143525	2	100.999997143525	2.85702323913574	100.999997143525	-0.606006920337677
101.249997136455	13	101.249997136455	2	101.249997136455	2.85268425941467	101.249997136455	-0.602938830852509
101.499997129384	15	101.499997129384	6	101.499997129384	2.84842753410339	101.499997129384	1.28662407398224
101.749997122314	13	101.749997122314	3	101.749997122314	2.84424066543579	101.749997122314	0.0899276956915855
101.999997115243	11	101.999997115243	6	101.999997115243	2.84012317657471	101.999997115243	1.29001426696777
102.249997108173	12	102.249997108173	6	102.249997108173	2.83607292175293	102.249997108173	1.29166781902313
102.499997101102	13	102.499997101102	4	102.499997101102	2.83209466934204	102.499997101102	0.583952665328979
102.749997094032	13	102.749997094032	3	102.749997094032	2.82818341255188	102.749997094032	0.0991983562707901
102.999997086961	9	102.999997086961	3	102.999997086961	2.82433915138245	102.999997086961	0.10141783952713
103.249997079891	9	103.249997079891	6	103.249997079891	2.820561170578	103.249997079891	1.29800045490265
103.49999707282	10	103.49999707282	6	103.49999707282	2.81684136390686	103.49999707282	1.29951906204224
103.74999706575	11	103.74999706575	4	103.74999706575	2.81318712234497	103.74999706575	0.593406438827515
103.999997058679	14	103.999997058679	2	103.999997058679	2.80960297584534	103.999997058679	-0.572475731372833
104.249997051609	9	104.249997051609	3	104.249997051609	2.806072473526	104.249997051609	0.111964106559753
104.499997044538	10	104.499997044538	5	104.499997044538	2.80260729789734	104.499997044538	0.982703864574432
104.749997037468	12	104.749997037468	4	104.749997037468	2.7991886138916	104.749997037468	0.600405693054199
104.999997030397	14	104.999997030397	3	104.999997030397	2.79584169387817	104.999997030397	0.117870852351189
105.249997023327	11	105.249997023327	4	105.249997023327	2.79254579544067	105.249997023327	0.603727102279663
105.499997016257	9	105.499997016257	4	105.499997016257	2.78930401802063	105.499997016257	0.605347990989685
105.749997009186	7	105.749997009186	3	105.749997009186	2.78612017631531	105.749997009186	0.123483575880527
105.999997002116	11	105.999997002116	3	105.999997002116	2.78298139572144	105.999997002116	0.125295743346214
106.249996995045	13	106.249996995045	1	106.249996995045	2.77991199493408	106.249996995045	-1.77991199493408
106.499996987975	9	106.499996987975	3	106.499996987975	2.7768931388855	106.499996987975	0.128810808062553
106.749996980904	10	106.749996980904	5	106.749996980904	2.77389979362488	106.749996980904	0.995542287826538
106.999996973834	14	106.999996973834	0	106.999996973834	2.77097511291504	106.999996973834	-2.77097511291504
107.249996966763	14	107.249996966763	4	107.249996966763	2.76813149452209	107.249996966763	0.615934252738953
107.499996959693	16	107.499996959693	4	107.499996959693	2.76529884338379	107.499996959693	0.617350578308105
107.749996952622	13	107.749996952622	7	107.749996952622	2.76250910758972	107.749996952622	1.60162103176117
107.999996945552	13	107.999996945552	4	107.999996945552	2.75978183746338	107.999996945552	0.620109081268311
108.249996938481	12	108.249996938481	2	108.249996938481	2.75710558891296	108.249996938481	-0.535354495048523
108.499996931411	8	108.499996931411	5	108.499996931411	2.75446319580078	108.499996931411	1.00423455238342
108.74999692434	8	108.74999692434	5	108.74999692434	2.75186276435852	108.74999692434	1.00539755821228
108.99999691727	8	108.99999691727	6	108.99999691727	2.74931907653809	108.99999691727	1.32708489894867
109.249996910199	10	109.249996910199	2	109.249996910199	2.74681544303894	109.249996910199	-0.528078258037567
109.499996903129	13	109.499996903129	3	109.499996903129	2.74435806274414	109.499996903129	0.147594943642616
109.749996896058	15	109.749996896058	3	109.749996896058	2.74193358421326	109.749996896058	0.148994714021683
109.999996888988	15	109.999996888988	4	109.999996888988	2.73955416679382	109.999996888988	0.630222916603088
110.249996881917	11	110.249996881917	5	110.249996881917	2.73721313476562	110.249996881917	1.01194906234741
110.499996874847	11	110.499996874847	3	110.499996874847	2.73491048812866	110.499996874847	0.153049498796463
110.749996867776	10	110.749996867776	5	110.749996867776	2.7326500415802	110.749996867776	1.01398968696594
110.999996860706	18	110.999996860706	3	110.999996860706	2.7304265499115	110.999996860706	0.155638307332993
111.249996853635	15	111.249996853635	2	111.249996853635	2.72824311256409	111.249996853635	-0.51494562625885
111.499996846565	9	111.499996846565	7	111.499996846565	2.72609543800354	111.499996846565	1.61538410186768
111.749996839494	7	111.749996839494	4	111.749996839494	2.72398567199707	111.749996839494	0.638007164001465
111.999996832424	13	111.999996832424	7	111.999996832424	2.72191071510315	111.999996832424	1.61696577072144
112.249996825354	10	112.249996825354	5	112.249996825354	2.7198691368103	112.249996825354	1.01970553398132
112.499996818283	14	112.499996818283	3	112.499996818283	2.71786403656006	112.499996818283	0.162891268730164
112.749996811213	7	112.749996811213	2	112.749996811213	2.71589255332947	112.749996811213	-0.506212472915649
112.999996804142	11	112.999996804142	5	112.999996804142	2.71395421028137	112.999996804142	1.02235078811646
113.249996797072	12	113.249996797072	5	113.249996797072	2.71204924583435	113.249996797072	1.02320265769958
113.499996790001	16	113.499996790001	0	113.499996790001	2.71017670631409	113.499996790001	-2.71017670631409
113.749996782931	10	113.749996782931	3	113.749996782931	2.70833563804626	113.749996782931	0.168392494320869
113.99999677586	11	113.99999677586	3	113.99999677586	2.70652556419373	113.99999677586	0.169437542557716
114.24999676879	11	114.24999676879	3	114.24999676879	2.70474529266357	114.24999676879	0.170465379953384
114.499996761719	9	114.499996761719	6	114.499996761719	2.70299935340881	114.499996761719	1.34599483013153
114.749996754649	8	114.749996754649	3	114.749996754649	2.70127749443054	114.749996754649	0.172467514872551
114.999996747578	19	114.999996747578	7	114.999996747578	2.69958972930908	114.999996747578	1.62540233135223
115.249996740508	9	115.249996740508	2	115.249996740508	2.69793009757996	115.249996740508	-0.493511110544205
115.499996733437	12	115.499996733437	2	115.499996733437	2.69629812240601	115.499996733437	-0.492357134819031
115.749996726367	14	115.749996726367	3	115.749996726367	2.69468975067139	115.749996726367	0.176270961761475
115.999996719296	12	115.999996719296	2	115.999996719296	2.69310998916626	115.999996719296	-0.490102767944336
116.249996712226	12	116.249996712226	3	116.249996712226	2.69156527519226	116.249996712226	0.178074866533279
116.499996705155	11	116.499996705155	4	116.499996705155	2.69003224372864	116.499996705155	0.654983878135681
116.749996698085	15	116.749996698085	0	116.749996698085	2.68853735923767	116.749996698085	-2.68853735923767
116.999996691014	8	116.999996691014	5	116.999996691014	2.68706655502319	116.999996691014	1.03437530994415
117.249996683944	9	117.249996683944	4	117.249996683944	2.6856153011322	117.249996683944	0.657192349433899
117.499996676873	8	117.499996676873	3	117.499996676873	2.68419051170349	117.499996676873	0.182332694530487
117.749996669803	14	117.749996669803	2	117.749996669803	2.68279719352722	117.749996669803	-0.482810527086258
117.999996662732	13	117.999996662732	1	117.999996662732	2.6814181804657	117.999996662732	-1.6814181804657
118.249996655662	17	118.249996655662	5	118.249996655662	2.68006563186646	118.249996655662	1.03750622272491
118.499996648591	14	118.499996648591	3	118.499996648591	2.67873883247375	118.499996648591	0.18548022210598
118.749996641521	5	118.749996641521	2	118.749996641521	2.67742872238159	118.749996641521	-0.479014456272125
118.999996634451	13	118.999996634451	3	118.999996634451	2.67614340782166	118.999996634451	0.186978697776794
119.24999662738	15	119.24999662738	3	119.24999662738	2.67488217353821	119.24999662738	0.187706857919693
119.49999662031	17	119.49999662031	7	119.49999662031	2.6736376285553	119.49999662031	1.63521122932434
119.749996613239	9	119.749996613239	5	119.749996613239	2.67241954803467	119.749996613239	1.04092562198639
119.999996606169	10	119.999996606169	3	119.999996606169	2.67122101783752	119.999996606169	0.189820632338524
120.249996599098	16	120.249996599098	4	120.249996599098	2.67004156112671	120.249996599098	0.664979219436646
120.499996592028	16	120.499996592028	5	120.499996592028	2.6688814163208	120.499996592028	1.0425078868866
120.749996584957	11	120.749996584957	6	120.749996584957	2.66774225234985	120.749996584957	1.36038851737976
120.999996577887	11	120.999996577887	4	120.999996577887	2.66662192344666	120.999996577887	0.666689038276672
121.249996570816	10	121.249996570816	6	121.249996570816	2.6655216217041	121.249996570816	1.36129510402679
121.499996563746	8	121.499996563746	5	121.499996563746	2.66443777084351	121.499996563746	1.0444952249527
121.749996556675	13	121.749996556675	5	121.749996556675	2.66337490081787	121.749996556675	1.04497051239014
121.999996549605	8	121.999996549605	4	121.999996549605	2.66232895851135	121.999996549605	0.668835520744324
122.249996542534	9	122.249996542534	5	122.249996542534	2.66130018234253	122.249996542534	1.04589831829071
122.499996535464	9	122.499996535464	5	122.499996535464	2.66028928756714	122.499996535464	1.04635047912598
122.749996528393	7	122.749996528393	1	122.749996528393	2.65929579734802	122.749996528393	-1.65929579734802
122.999996521323	9	122.999996521323	7	122.999996521323	2.65831899642944	122.999996521323	1.64100122451782
123.249996514252	9	123.249996514252	3	123.249996514252	2.6573588848114	123.249996514252	0.197823941707611
123.499996507182	9	123.499996507182	9	123.499996507182	2.6564154624939	123.499996507182	2.1145281791687
123.749996500111	9	123.749996500111	8	123.749996500111	2.65548753738403	123.749996500111	1.88957047462463
123.999996493041	17	123.999996493041	7	123.999996493041	2.65457582473755	123.999996493041	1.64241600036621
124.24999648597	8	124.24999648597	4	124.24999648597	2.65367889404297	124.24999648597	0.673160552978516
124.4999964789	17	124.4999964789	3	124.4999964789	2.65279650688171	124.4999964789	0.200458034873009
124.749996471829	10	124.749996471829	2	124.749996471829	2.65193176269531	124.749996471829	-0.460985362529755
124.999996464759	8	124.999996464759	2	124.999996464759	2.65107798576355	124.999996464759	-0.460381656885147
125.249996457688	13	125.249996457688	1	125.249996457688	2.6502411365509	125.249996457688	-1.6502411365509
125.499996450618	11	125.499996450618	3	125.499996450618	2.64941811561584	125.499996450618	0.2024085521698
125.749996443547	4	125.749996443547	9	125.749996443547	2.64860987663269	125.749996443547	2.11713004112244
125.999996436477	13	125.999996436477	0	125.999996436477	2.64781332015991	125.999996436477	-2.64781332015991
126.249996429407	14	126.249996429407	6	126.249996429407	2.64703416824341	126.249996429407	1.36884260177612
126.499996422336	9	126.499996422336	5	126.499996422336	2.64626288414001	126.499996422336	1.05262327194214
126.749996415266	10	126.749996415266	5	126.749996415266	2.64550876617432	126.749996415266	1.05296051502228
126.999996408195	12	126.999996408195	3	126.999996408195	2.64476704597473	126.999996408195	0.20509384572506
127.249996401125	7	127.249996401125	3	127.249996401125	2.6440372467041	127.249996401125	0.205515190958977
127.499996394054	13	127.499996394054	5	127.499996394054	2.6433207988739	127.499996394054	1.05393898487091
127.749996386984	11	127.749996386984	5	127.749996386984	2.64261341094971	127.749996386984	1.05425536632538
127.999996379913	7	127.999996379913	1	127.999996379913	2.64192056655884	127.999996379913	-1.64192056655884
128.249996372843	15	128.249996372843	7	128.249996372843	2.64123702049255	128.249996372843	1.64745759963989
128.499996365772	10	128.499996365772	4	128.499996365772	2.64056873321533	128.499996365772	0.679715633392334
128.749996358702	8	128.749996358702	2	128.749996358702	2.63990879058838	128.749996358702	-0.452483832836151
128.999996351631	8	128.999996351631	5	128.999996351631	2.63926124572754	128.999996351631	1.05575442314148
129.249996344561	11	129.249996344561	0	129.249996344561	2.63862419128418	129.249996344561	-2.63862419128418
129.49999633749	6	129.49999633749	4	129.49999633749	2.63799905776978	129.49999633749	0.681000471115112
129.74999633042	11	129.74999633042	5	129.74999633042	2.63738536834717	129.74999633042	1.05659341812134
129.999996323349	7	129.999996323349	3	129.999996323349	2.63677978515625	129.999996323349	0.209705293178558
130.249996316279	14	130.249996316279	3	130.249996316279	2.63618564605713	130.249996316279	0.210048317909241
130.499996309208	13	130.499996309208	4	130.499996309208	2.63560223579407	130.499996309208	0.682198882102966
130.749996302138	7	130.749996302138	0	130.749996302138	2.63502717018127	130.749996302138	-2.63502717018127
130.999996295067	10	130.999996295067	2	130.999996295067	2.63446259498596	130.999996295067	-0.448632806539536
131.249996287997	7	131.249996287997	5	131.249996287997	2.63390731811523	131.249996287997	1.0581488609314
131.499996280926	6	131.499996280926	2	131.499996280926	2.63336205482483	131.499996280926	-0.447854608297348
131.749996273856	13	131.749996273856	4	131.749996273856	2.63282513618469	131.749996273856	0.683587431907654
131.999996266785	9	131.999996266785	0	131.999996266785	2.63229823112488	131.999996266785	-2.63229823112488
132.249996259715	8	132.249996259715	3	132.249996259715	2.63177967071533	132.249996259715	0.212592110037804
132.499996252644	13	132.499996252644	4	132.499996252644	2.63127064704895	132.499996252644	0.684364676475525
132.749996245574	6	132.749996245574	4	132.749996245574	2.63076972961426	132.749996245574	0.684615135192871
132.999996238503	9	132.999996238503	7	132.999996238503	2.63027739524841	132.999996238503	1.6515998840332
133.249996231433	9	133.249996231433	0	133.249996231433	2.62979364395142	133.249996231433	-2.62979364395142
133.499996224363	11	133.499996224363	2	133.499996224363	2.62931776046753	133.499996224363	-0.444994866847992
133.749996217292	13	133.749996217292	7	133.749996217292	2.62884998321533	133.749996217292	1.65213942527771
133.999996210222	13	133.999996210222	5	133.999996210222	2.62839031219482	133.999996210222	1.06061613559723
134.249996203151	13	134.249996203151	2	134.249996203151	2.62793827056885	134.249996203151	-0.44401940703392
134.499996196081	15	134.499996196081	3	134.499996196081	2.62749481201172	134.499996196081	0.215065971016884
134.74999618901	15	134.74999618901	5	134.74999618901	2.62705779075623	134.74999618901	1.06121206283569
134.99999618194	13	134.99999618194	3	134.99999618194	2.626629114151	134.99999618194	0.215565785765648
135.249996174869	12	135.249996174869	2	135.249996174869	2.62620568275452	135.249996174869	-0.442794293165207
135.499996167799	10	135.499996167799	5	135.499996167799	2.62579131126404	135.499996167799	1.06177842617035
135.749996160728	12	135.749996160728	5	135.749996160728	2.62538361549377	135.749996160728	1.06196069717407
135.999996153658	13	135.999996153658	4	135.999996153658	2.62498188018799	135.999996153658	0.687509059906006
136.249996146587	15	136.249996146587	6	136.249996146587	2.62458968162537	136.249996146587	1.37800550460815
136.499996139517	15	136.499996139517	2	136.499996139517	2.62420177459717	136.499996139517	-0.441377311944962
136.749996132446	13	136.749996132446	3	136.749996132446	2.6238214969635	136.749996132446	0.217186763882637
136.999996125376	9	136.999996125376	3	136.999996125376	2.62344551086426	136.999996125376	0.217403829097748
137.249996118305	7	137.249996118305	4	137.249996118305	2.62307810783386	137.249996118305	0.688460946083069
137.499996111235	12	137.499996111235	3	137.499996111235	2.62271571159363	137.499996111235	0.217825189232826
137.749996104164	7	137.749996104164	4	137.749996104164	2.62236332893372	137.749996104164	0.688818335533142
137.999996097094	5	137.999996097094	4	137.999996097094	2.62201189994812	137.999996097094	0.68899405002594
138.249996090023	13	138.249996090023	6	138.249996090023	2.62166833877563	138.249996090023	1.37919807434082
138.499996082953	11	138.499996082953	5	138.499996082953	2.62133049964905	138.499996082953	1.06377339363098
138.749996075882	7	138.749996075882	3	138.749996075882	2.6209990978241	138.749996075882	0.218816265463829
138.999996068812	9	138.999996068812	5	138.999996068812	2.62067294120789	138.999996068812	1.06406736373901
139.249996061741	11	139.249996061741	3	139.249996061741	2.62035202980042	139.249996061741	0.21918985247612
139.499996054671	8	139.499996054671	7	139.499996054671	2.62003612518311	139.499996054671	1.65547072887421
139.7499960476	10	139.7499960476	3	139.7499960476	2.61972618103027	139.7499960476	0.21955119073391
139.99999604053	16	139.99999604053	6	139.99999604053	2.61942195892334	139.99999604053	1.38011515140533
140.249996033459	15	140.249996033459	5	140.249996033459	2.61912178993225	140.249996033459	1.0647611618042
140.499996026389	10	140.499996026389	1	140.499996026389	2.61882781982422	140.499996026389	-1.61882781982422
140.749996019319	7	140.749996019319	5	140.749996019319	2.61853742599487	140.749996019319	1.06502246856689
140.999996012248	10	140.999996012248	4	140.999996012248	2.61825370788574	140.999996012248	0.690873146057129
141.249996005178	13	141.249996005178	5	141.249996005178	2.61797380447388	141.249996005178	1.065274477005
141.499995998107	12	141.499995998107	3	141.499995998107	2.61769866943359	141.499995998107	0.220721781253815
141.749995991037	14	141.749995991037	10	141.749995991037	2.61742830276489	141.749995991037	2.3345742225647
141.999995983966	11	141.999995983966	3	141.999995983966	2.61716246604919	141.999995983966	0.221031352877617
142.249995976896	6	142.249995976896	8	142.249995976896	2.6169011592865	142.249995976896	1.90321290493011
142.499995969825	7	142.499995969825	8	142.499995969825	2.61664462089539	142.499995969825	1.90330350399017
142.749995962755	15	142.749995962755	2	142.749995962755	2.61639213562012	142.749995962755	-0.435855060815811
142.999995955684	10	142.999995955684	1	142.999995955684	2.61614418029785	142.999995955684	-1.61614418029785
143.249995948614	15	143.249995948614	5	143.249995948614	2.61590027809143	143.249995948614	1.06620180606842
143.499995941543	11	143.499995941543	5	143.499995941543	2.61566042900085	143.499995941543	1.06630909442902
143.749995934473	8	143.749995934473	4	143.749995934473	2.6154248714447	143.749995934473	0.692287564277649
143.999995927402	12	143.999995927402	2	143.999995927402	2.61519312858582	143.999995927402	-0.435007244348526
144.249995920332	19	144.249995920332	3	144.249995920332	2.61496520042419	144.249995920332	0.222299948334694
144.499995913261	12	144.499995913261	3	144.499995913261	2.61474132537842	144.499995913261	0.222429201006889
144.749995906191	11	144.749995906191	4	144.749995906191	2.61452102661133	144.749995906191	0.692739486694336
144.99999589912	10	144.99999589912	4	144.99999589912	2.61430478096008	144.99999589912	0.692847609519959
145.24999589205	11	145.24999589205	3	145.24999589205	2.61409258842468	145.24999589205	0.222803741693497
145.499995884979	17	145.499995884979	1	145.499995884979	2.61388301849365	145.499995884979	-1.61388301849365
145.749995877909	13	145.749995877909	4	145.749995877909	2.61367750167847	145.749995877909	0.693161249160767
145.999995870838	14	145.999995870838	1	145.999995870838	2.61347532272339	145.999995870838	-1.61347532272339
146.249995863768	11	146.249995863768	4	146.249995863768	2.61327743530273	146.249995863768	0.693361282348633
146.499995856697	12	146.499995856697	5	146.499995856697	2.61308169364929	146.499995856697	1.06746232509613
146.749995849627	6	146.749995849627	4	146.749995849627	2.61289048194885	146.749995849627	0.693554759025574
146.999995842557	11	146.999995842557	6	146.999995842557	2.61270070075989	146.999995842557	1.38285911083221
147.249995835486	17	147.249995835486	3	147.249995835486	2.61251544952393	147.249995835486	0.223714306950569
147.499995828416	15	147.499995828416	2	147.499995828416	2.61233329772949	147.499995828416	-0.432985037565231
147.749995821345	10	147.749995821345	4	147.749995821345	2.61215376853943	147.749995821345	0.693923115730286
147.999995814275	16	147.999995814275	2	147.999995814275	2.61197710037231	147.999995814275	-0.43273314833641
148.249995807204	11	148.249995807204	2	148.249995807204	2.6118049621582	148.249995807204	-0.432611435651779
148.499995800134	10	148.499995800134	1	148.499995800134	2.6116349697113	148.499995800134	-1.6116349697113
148.749995793063	11	148.749995793063	1	148.749995793063	2.6114673614502	148.749995793063	-1.6114673614502
148.999995785993	15	148.999995785993	4	148.999995785993	2.61130261421204	148.999995785993	0.694348692893982
149.249995778922	10	149.249995778922	4	149.249995778922	2.61114096641541	149.249995778922	0.694429516792297
149.499995771852	7	149.499995771852	5	149.499995771852	2.61098217964172	149.499995771852	1.06840121746063
149.749995764781	11	149.749995764781	2	149.749995764781	2.61082601547241	149.749995764781	-0.43191921710968
149.999995757711	16	149.999995757711	2	149.999995757711	2.61067271232605	149.999995757711	-0.431810826063156
150.24999575064	5	150.24999575064	3	150.24999575064	2.6105215549469	150.24999575064	0.224865481257439
150.49999574357	7	150.49999574357	4	150.49999574357	2.6103732585907	150.49999574357	0.694813370704651
150.749995736499	12	150.749995736499	4	150.749995736499	2.61022686958313	150.749995736499	0.694886565208435
150.999995729429	16	150.999995729429	5	150.999995729429	2.61008358001709	150.999995729429	1.06880307197571
151.249995722358	9	151.249995722358	6	151.249995722358	2.60994267463684	151.249995722358	1.38398516178131
151.499995715288	11	151.499995715288	2	151.499995715288	2.60980415344238	151.499995715288	-0.431196659803391
151.749995708217	13	151.749995708217	2	151.749995708217	2.60966801643372	151.749995708217	-0.431100398302078
151.999995701147	12	151.999995701147	2	151.999995701147	2.60953378677368	151.999995701147	-0.431005477905273
152.249995694076	12	152.249995694076	5	152.249995694076	2.60940217971802	152.249995694076	1.06910789012909
152.499995687006	14	152.499995687006	3	152.499995687006	2.60927271842957	152.499995687006	0.225586503744125
152.749995679935	10	152.749995679935	5	152.749995679935	2.6091456413269	152.749995679935	1.06922256946564
152.999995672865	12	152.999995672865	5	152.999995672865	2.60902047157288	152.999995672865	1.06927859783173
153.249995665794	12	153.249995665794	1	153.249995665794	2.60889768600464	153.249995665794	-1.60889768600464
153.499995658724	8	153.499995658724	7	153.499995658724	2.60877680778503	153.499995658724	1.65972638130188
153.749995651653	11	153.749995651653	4	153.749995651653	2.60865783691406	153.749995651653	0.695671081542969
153.999995644583	13	153.999995644583	3	153.999995644583	2.60854125022888	153.999995644583	0.22600881755352
154.249995637513	8	154.249995637513	4	154.249995637513	2.60842633247375	154.249995637513	0.695786833763123
154.499995630442	11	154.499995630442	2	154.499995630442	2.60831356048584	154.499995630442	-0.430142641067505
154.749995623372	9	154.749995623372	5	154.749995623372	2.60820269584656	154.749995623372	1.06964421272278
154.999995616301	9	154.999995616301	2	154.999995616301	2.60809350013733	154.999995616301	-0.429987043142319
155.249995609231	12	155.249995609231	4	155.249995609231	2.60798645019531	155.249995609231	0.696006774902344
155.49999560216	11	155.49999560216	6	155.49999560216	2.60788130760193	155.49999560216	1.38482666015625
155.74999559509	10	155.74999559509	2	155.74999559509	2.60777735710144	155.74999559509	-0.429763495922089
155.999995588019	11	155.999995588019	1	155.999995588019	2.60767531394958	155.999995588019	-1.60767531394958
156.249995580949	10	156.249995580949	0	156.249995580949	2.60757565498352	156.249995580949	-2.60757565498352
156.499995573878	5	156.499995573878	2	156.499995573878	2.60747718811035	156.499995573878	-0.429551243782043
156.749995566808	13	156.749995566808	4	156.749995566808	2.60738015174866	156.749995566808	0.696309924125671
156.999995559737	10	156.999995559737	6	156.999995559737	2.60728549957275	156.999995559737	1.38506984710693
157.249995552667	7	157.249995552667	5	157.249995552667	2.60719203948975	157.249995552667	1.07009625434875
157.499995545596	12	157.499995545596	7	157.499995545596	2.60710024833679	157.499995545596	1.66036009788513
157.749995538526	9	157.749995538526	2	157.749995538526	2.60700988769531	157.749995538526	-0.429220795631409
157.999995531455	13	157.999995531455	4	157.999995531455	2.60692071914673	157.999995531455	0.696539640426636
158.249995524385	7	158.249995524385	4	158.249995524385	2.6068332195282	158.249995524385	0.696583390235901
158.499995517314	11	158.499995517314	3	158.499995517314	2.6067476272583	158.499995517314	0.227044358849525
158.749995510244	12	158.749995510244	2	158.749995510244	2.60666346549988	158.749995510244	-0.428975850343704
158.999995503173	11	158.999995503173	2	158.999995503173	2.60658073425293	158.999995503173	-0.428917348384857
159.249995496103	8	159.249995496103	0	159.249995496103	2.60649919509888	159.249995496103	-2.60649919509888
159.499995489032	1	159.499995489032	4	159.499995489032	2.60641884803772	159.499995489032	0.69679057598114
159.749995481962	13	159.749995481962	2	159.749995481962	2.60634016990662	159.749995481962	-0.428747236728668
159.999995474891	13	159.999995474891	3	159.999995474891	2.60626268386841	159.999995474891	0.227324351668358
160.249995467821	5	160.249995467821	3	160.249995467821	2.60618662834167	160.249995467821	0.227368250489235
160.49999546075	11	160.49999546075	3	160.49999546075	2.60611200332642	160.49999546075	0.227411344647408
160.74999545368	6	160.74999545368	5	160.74999545368	2.60603833198547	160.74999545368	1.07061219215393
160.99999544661	10	160.99999544661	3	160.99999544661	2.60596609115601	160.99999544661	0.227495580911636
161.249995439539	11	161.249995439539	2	161.249995439539	2.60589504241943	161.249995439539	-0.428432494401932
161.499995432469	12	161.499995432469	1	161.499995432469	2.60582518577576	161.499995432469	-1.60582518577576
161.749995425398	8	161.749995425398	5	161.749995425398	2.6057562828064	161.749995425398	1.07073831558228
161.999995418328	12	161.999995418328	1	161.999995418328	2.60568904876709	161.999995418328	-1.60568904876709
162.249995411257	10	162.249995411257	1	162.249995411257	2.60562252998352	162.249995411257	-1.60562252998352
162.499995404187	11	162.499995404187	3	162.499995404187	2.60555720329285	162.499995404187	0.22773166000843
162.749995397116	11	162.749995397116	3	162.749995397116	2.60549330711365	162.749995397116	0.227768540382385
162.999995390046	9	162.999995390046	7	162.999995390046	2.60543012619019	162.999995390046	1.6609913110733
163.249995382975	16	163.249995382975	7	163.249995382975	2.60536813735962	163.249995382975	1.66101467609406
163.499995375905	15	163.499995375905	2	163.499995375905	2.60530734062195	163.499995375905	-0.428016930818558
163.749995368834	13	163.749995368834	5	163.749995368834	2.60524749755859	163.749995368834	1.07096588611603
163.999995361764	11	163.999995361764	7	163.999995361764	2.60518860816956	163.999995361764	1.6610826253891
164.249995354693	10	164.249995354693	5	164.249995354693	2.60513067245483	164.249995354693	1.07101809978485
164.499995347623	14	164.499995347623	3	164.499995347623	2.60507392883301	164.499995347623	0.228010669350624
164.749995340552	12	164.749995340552	7	164.749995340552	2.60501790046692	164.749995340552	1.66114711761475
164.999995333482	7	164.999995333482	4	164.999995333482	2.60496306419373	164.999995333482	0.697518467903137
165.249995326411	10	165.249995326411	3	165.249995326411	2.60490894317627	165.249995326411	0.228105932474136
165.499995319341	11	165.499995319341	5	165.499995319341	2.60485577583313	165.499995319341	1.07114100456238
165.74999531227	12	165.74999531227	6	165.74999531227	2.60480380058289	165.74999531227	1.38608300685883
165.9999953052	17	165.9999953052	1	165.9999953052	2.6047523021698	165.9999953052	-1.6047523021698
166.249995298129	9	166.249995298129	4	166.249995298129	2.60470199584961	166.249995298129	0.697649002075195
166.499995291059	15	166.499995291059	0	166.499995291059	2.60465216636658	166.499995291059	-2.60465216636658
166.749995283988	8	166.749995283988	6	166.749995283988	2.60460329055786	166.749995283988	1.38616490364075
166.999995276918	13	166.999995276918	3	166.999995276918	2.60455560684204	166.999995276918	0.22830992937088
167.249995269847	13	167.249995269847	4	167.249995269847	2.6045081615448	167.249995269847	0.6977459192276
167.499995262777	13	167.499995262777	2	167.499995262777	2.60446190834045	167.499995262777	-0.427419126033783
167.749995255706	8	167.749995255706	3	167.749995255706	2.60441637039185	167.749995255706	0.228390321135521
167.999995248636	12	167.999995248636	0	167.999995248636	2.60437154769897	167.999995248636	-2.60437154769897
168.249995241566	8	168.249995241566	4	168.249995241566	2.604327917099	168.249995241566	0.6978360414505
168.499995234495	8	168.499995234495	2	168.499995234495	2.6042845249176	168.499995234495	-0.427293688058853
168.749995227425	15	168.749995227425	4	168.749995227425	2.60424208641052	168.749995227425	0.697878956794739
168.999995220354	8	168.999995220354	2	168.999995220354	2.60420036315918	168.999995220354	-0.427234172821045
169.249995213284	7	169.249995213284	5	169.249995213284	2.60415935516357	169.249995213284	1.07145249843597
169.499995206213	9	169.499995206213	1	169.499995206213	2.60411882400513	169.499995206213	-1.60411882400513
169.749995199143	12	169.749995199143	1	169.749995199143	2.604079246521	169.749995199143	-1.604079246521
169.999995192072	16	169.999995192072	5	169.999995192072	2.60404014587402	169.999995192072	1.0715057849884
170.249995185002	9	170.249995185002	2	170.249995185002	2.60400176048279	170.249995185002	-0.427093744277954
170.499995177931	7	170.499995177931	5	170.499995177931	2.60396409034729	170.499995177931	1.07153987884521
170.749995170861	16	170.749995170861	6	170.749995170861	2.60392713546753	170.749995170861	1.38644099235535
170.99999516379	13	170.99999516379	1	170.99999516379	2.60389065742493	170.99999516379	-1.60389065742493
171.24999515672	7	171.24999515672	5	171.24999515672	2.60385489463806	171.24999515672	1.07158863544464
171.499995149649	13	171.499995149649	0	171.499995149649	2.60381960868835	171.499995149649	-2.60381960868835
171.749995142579	7	171.749995142579	3	171.749995142579	2.60378503799438	171.749995142579	0.228754818439484
171.999995135508	15	171.999995135508	1	171.999995135508	2.60375094413757	171.999995135508	-1.60375094413757
172.249995128438	14	172.249995128438	3	172.249995128438	2.6037175655365	172.249995128438	0.228793770074844
172.499995121367	12	172.499995121367	4	172.499995121367	2.60368466377258	172.499995121367	0.698157668113709
172.749995114297	13	172.749995114297	3	172.749995114297	2.60365223884583	172.749995114297	0.228831484913826
172.999995107226	9	172.999995107226	5	172.999995107226	2.6036205291748	172.999995107226	1.07169342041016
173.249995100156	11	173.249995100156	2	173.249995100156	2.60358929634094	173.249995100156	-0.426802098751068
173.499995093085	12	173.499995093085	2	173.499995093085	2.60355854034424	173.499995093085	-0.426780343055725
173.749995086015	12	173.749995086015	3	173.749995086015	2.60352849960327	173.749995086015	0.228902921080589
173.999995078944	13	173.999995078944	2	173.999995078944	2.60349869728088	173.999995078944	-0.426738023757935
174.249995071874	13	174.249995071874	2	174.249995071874	2.60346961021423	174.249995071874	-0.426717460155487
174.499995064803	16	174.499995064803	1	174.499995064803	2.60344099998474	174.499995064803	-1.60344099998474
174.749995057733	8	174.749995057733	4	174.749995057733	2.60341286659241	174.749995057733	0.698293566703796
174.999995050662	13	174.999995050662	2	174.999995050662	2.60338497161865	174.999995050662	-0.426657617092133
175.249995043592	5	175.249995043592	3	175.249995043592	2.60335779190063	175.249995043592	0.229001492261887
175.499995036522	13	175.499995036522	5	175.499995036522	2.60333108901978	175.499995036522	1.07182288169861
175.749995029451	9	175.749995029451	2	175.749995029451	2.60330486297607	175.749995029451	-0.426600962877274
175.999995022381	12	175.999995022381	3	175.999995022381	2.60327887535095	175.999995022381	0.229047045111656
176.24999501531	9	176.24999501531	5	176.24999501531	2.60325360298157	176.24999501531	1.07185757160187
176.49999500824	6	176.49999500824	5	176.49999500824	2.60322856903076	176.49999500824	1.07186877727509
176.749995001169	11	176.749995001169	1	176.749995001169	2.60320377349854	176.749995001169	-1.60320377349854
176.999994994099	9	176.999994994099	5	176.999994994099	2.60317969322205	176.999994994099	1.07189059257507
177.249994987028	14	177.249994987028	2	177.249994987028	2.60315585136414	177.249994987028	-0.426495581865311
177.499994979958	19	177.499994979958	2	177.499994979958	2.60313272476196	177.499994979958	-0.426479250192642
177.749994972887	10	177.749994972887	6	177.749994972887	2.60310983657837	177.749994972887	1.3867746591568
177.999994965817	13	177.999994965817	1	177.999994965817	2.60308718681335	177.999994965817	-1.60308718681335
178.249994958746	6	178.249994958746	5	178.249994958746	2.6030650138855	178.249994958746	1.07194197177887
178.499994951676	4	178.499994951676	8	178.499994951676	2.6030433177948	178.499994951676	1.90811228752136
178.749994944605	13	178.749994944605	2	178.749994944605	2.6030216217041	178.749994944605	-0.426400691270828
178.999994937535	7	178.999994937535	4	178.999994937535	2.60300064086914	178.999994937535	0.69849967956543
179.249994930464	9	179.249994930464	3	179.249994930464	2.60298013687134	179.249994930464	0.229219526052475
179.499994923394	14	179.499994923394	4	179.499994923394	2.60295963287354	179.499994923394	0.698520183563232
179.749994916323	12	179.749994916323	5	179.749994916323	2.60293960571289	179.749994916323	1.07199800014496
179.999994909253	8	179.999994909253	3	179.999994909253	2.6029200553894	179.999994909253	0.229254215955734
180.249994902182	14	180.249994902182	3	180.249994902182	2.6029007434845	180.249994902182	0.229265362024307
180.499994895112	9	180.499994895112	3	180.499994895112	2.60288166999817	180.499994895112	0.22927637398243
180.749994888041	14	180.749994888041	5	180.749994888041	2.602863073349	180.749994888041	1.07203221321106
180.999994880971	13	180.999994880971	6	180.999994880971	2.60284447669983	180.999994880971	1.38688290119171
181.2499948739	8	181.2499948739	3	181.2499948739	2.6028265953064	181.2499948739	0.229308173060417
181.49999486683	16	181.49999486683	6	181.49999486683	2.60280871391296	181.49999486683	1.38689756393433
181.749994859759	10	181.749994859759	2	181.749994859759	2.60279130935669	181.749994859759	-0.42623782157898
181.999994852689	13	181.999994852689	3	181.999994852689	2.60277414321899	181.999994852689	0.229338452219963
182.249994845619	9	182.249994845619	5	182.249994845619	2.60275745391846	182.249994845619	1.07207942008972
182.499994838548	11	182.499994838548	3	182.499994838548	2.60274076461792	182.499994838548	0.229357719421387
182.749994831478	11	182.749994831478	3	182.749994831478	2.60272455215454	182.749994831478	0.229367092251778
182.999994824407	13	182.999994824407	5	182.999994824407	2.60270857810974	182.999994824407	1.072101354599
183.249994817337	12	183.249994817337	3	183.249994817337	2.60269284248352	183.249994817337	0.229385390877724
183.499994810266	13	183.499994810266	2	183.499994810266	2.60267734527588	183.499994810266	-0.426157236099243
183.749994803196	10	183.749994803196	3	183.749994803196	2.60266208648682	183.749994803196	0.229403153061867
183.999994796125	15	183.999994796125	2	183.999994796125	2.60264706611633	183.999994796125	-0.426135838031769
184.249994789055	12	184.249994789055	1	184.249994789055	2.60263228416443	184.249994789055	-1.60263228416443
184.499994781984	10	184.499994781984	5	184.499994781984	2.60261797904968	184.499994781984	1.07214188575745
184.749994774914	14	184.749994774914	4	184.749994774914	2.60260367393494	184.749994774914	0.698698163032532
184.999994767843	14	184.999994767843	4	184.999994767843	2.60258984565735	184.999994767843	0.698705077171326
185.249994760773	12	185.249994760773	1	185.249994760773	2.60257601737976	185.249994760773	-1.60257601737976
185.499994753702	11	185.499994753702	8	185.499994753702	2.60256242752075	185.499994753702	1.90828239917755
185.749994746632	6	185.749994746632	3	185.749994746632	2.6025493144989	185.749994746632	0.229468256235123
185.999994739561	17	185.999994739561	6	185.999994739561	2.60253620147705	185.999994739561	1.38700878620148
186.249994732491	13	186.249994732491	3	186.249994732491	2.60252356529236	186.249994732491	0.229483127593994
186.49999472542	10	186.49999472542	4	186.49999472542	2.60251092910767	186.49999472542	0.698744535446167
186.74999471835	14	186.74999471835	3	186.74999471835	2.60249853134155	186.74999471835	0.229497581720352
186.999994711279	13	186.999994711279	1	186.999994711279	2.60248637199402	186.999994711279	-1.60248637199402
187.249994704209	8	187.249994704209	3	187.249994704209	2.60247421264648	187.249994704209	0.229511618614197
187.499994697138	13	187.499994697138	2	187.499994697138	2.60246253013611	187.499994697138	-0.426005333662033
187.749994690068	8	187.749994690068	4	187.749994690068	2.60245108604431	187.749994690068	0.698774456977844
187.999994682997	9	187.999994682997	6	187.999994682997	2.60243964195251	187.999994682997	1.38704824447632
188.249994675927	10	188.249994675927	3	188.249994675927	2.6024284362793	188.249994675927	0.229538053274155
188.499994668856	13	188.499994668856	2	188.499994668856	2.60241746902466	188.499994668856	-0.425973474979401
188.749994661786	15	188.749994661786	3	188.749994661786	2.6024067401886	188.749994661786	0.229550570249558
188.999994654715	13	188.999994654715	3	188.999994654715	2.60239601135254	188.999994654715	0.229556769132614
189.249994647645	14	189.249994647645	5	189.249994647645	2.60238552093506	189.249994647645	1.07224583625793
189.499994640575	12	189.499994640575	6	189.499994640575	2.60237526893616	189.499994640575	1.38707447052002
189.749994633504	9	189.749994633504	1	189.749994633504	2.60236525535583	189.749994633504	-1.60236525535583
189.999994626434	11	189.999994626434	6	189.999994626434	2.60235524177551	189.999994626434	1.387082695961
190.249994619363	9	190.249994619363	2	190.249994619363	2.60234570503235	190.249994619363	-0.425922721624374
190.499994612293	16	190.499994612293	4	190.499994612293	2.60233592987061	190.499994612293	0.698832035064697
190.749994605222	16	190.749994605222	5	190.749994605222	2.60232663154602	190.749994605222	1.07227218151093
190.999994598152	11	190.999994598152	3	190.999994598152	2.60231733322144	190.999994598152	0.229602187871933
191.249994591081	8	191.249994591081	2	191.249994591081	2.60230827331543	191.249994591081	-0.425896257162094
191.499994584011	12	191.499994584011	0	191.499994584011	2.602299451828	191.499994584011	-2.602299451828
191.74999457694	9	191.74999457694	1	191.74999457694	2.60229063034058	191.74999457694	-1.60229063034058
191.99999456987	5	191.99999456987	3	191.99999456987	2.60228180885315	191.99999456987	0.229622706770897
192.249994562799	15	192.249994562799	2	192.249994562799	2.60227346420288	192.249994562799	-0.425871640443802
192.499994555729	12	192.499994555729	3	192.499994555729	2.60226511955261	192.499994555729	0.229632332921028
192.749994548658	10	192.749994548658	1	192.749994548658	2.60225677490234	192.749994548658	-1.60225677490234
192.999994541588	18	192.999994541588	3	192.999994541588	2.60224866867065	192.999994541588	0.22964183986187
193.249994534517	3	193.249994534517	5	193.249994534517	2.60224080085754	193.249994534517	1.07231056690216
193.499994527447	14	193.499994527447	3	193.499994527447	2.60223293304443	193.499994527447	0.229650929570198
193.749994520376	15	193.749994520376	2	193.749994520376	2.6022253036499	193.749994520376	-0.425837606191635
193.999994513306	15	193.999994513306	5	193.999994513306	2.60221791267395	193.999994513306	1.07232069969177
194.249994506235	9	194.249994506235	2	194.249994506235	2.602210521698	194.249994506235	-0.425827145576477
194.499994499165	14	194.499994499165	2	194.499994499165	2.60220313072205	194.499994499165	-0.425821930170059
194.749994492094	9	194.749994492094	2	194.749994492094	2.60219597816467	194.749994492094	-0.425816863775253
194.999994485024	13	194.999994485024	4	194.999994485024	2.60218906402588	194.999994485024	0.698905467987061
195.249994477953	14	195.249994477953	6	195.249994477953	2.60218191146851	195.249994477953	1.3871533870697
195.499994470883	16	195.499994470883	7	195.499994470883	2.60217523574829	195.499994470883	1.66222155094147
195.749994463812	14	195.749994463812	4	195.749994463812	2.60216856002808	195.749994463812	0.698915719985962
195.999994456742	13	195.999994456742	3	195.999994456742	2.60216188430786	195.999994456742	0.229691937565804
196.249994449672	10	196.249994449672	1	196.249994449672	2.60215544700623	196.249994449672	-1.60215544700623
196.499994442601	10	196.499994442601	4	196.499994442601	2.60214924812317	196.499994442601	0.698925375938415
196.749994435531	12	196.749994435531	4	196.749994435531	2.60214281082153	196.749994435531	0.698928594589233
196.99999442846	7	196.99999442846	1	196.99999442846	2.60213685035706	196.99999442846	-1.60213685035706
197.24999442139	7	197.24999442139	4	197.24999442139	2.602130651474	197.24999442139	0.698934674263
197.499994414319	7	197.499994414319	4	197.499994414319	2.6021249294281	197.499994414319	0.69893753528595
197.749994407249	9	197.749994407249	5	197.749994407249	2.60211896896362	197.749994407249	1.07236504554749
197.999994400178	9	197.999994400178	4	197.999994400178	2.60211324691772	197.999994400178	0.698943376541138
198.249994393108	13	198.249994393108	5	198.249994393108	2.60210752487183	198.249994393108	1.07237017154694
198.499994386037	11	198.499994386037	3	198.499994386037	2.60210204124451	198.499994386037	0.229726493358612
198.749994378967	16	198.749994378967	3	198.749994378967	---	198.749994378967	---
198.999994371896	7	198.999994371896	3	198.999994371896	---	198.999994371896	---
199.249994364826	12	199.249994364826	5	199.249994364826	---	199.249994364826	---
199.499994357755	6	199.499994357755	5	199.499994357755	---	199.499994357755	---
 	 	199.749994350685	5	199.749994350685	---	199.749994350685	---
