IRF_5Mhz1.ptu	 	p62-100_5MHz_2_OTCSPC; OverallDecay	 	Fitted Curve	 	Residuals	 
Time[ns]	Intensity[Cnts]	Time[ns]	Intensity[Cnts]	Time[ns]	Intensity[Cnts]	Time[ns]	Resids.[StdDev.]
0	1	0.249999992929518	1	0.249999992929518	---	0.249999992929518	---
0.249999992929518	12	0.499999985859036	2	0.499999985859036	---	0.499999985859036	---
0.499999985859036	7	0.749999978788553	3	0.749999978788553	---	0.749999978788553	---
0.749999978788553	13	0.999999971718071	3	0.999999971718071	---	0.999999971718071	---
0.999999971718071	16	1.24999996464759	3	1.24999996464759	---	1.24999996464759	---
1.24999996464759	14	1.49999995757711	7	1.49999995757711	---	1.49999995757711	---
1.49999995757711	13	1.74999995050662	4	1.74999995050662	---	1.74999995050662	---
1.74999995050662	15	1.99999994343614	6	1.99999994343614	---	1.99999994343614	---
1.99999994343614	10	2.24999993636566	2	2.24999993636566	---	2.24999993636566	---
2.24999993636566	15	2.49999992929518	4	2.49999992929518	---	2.49999992929518	---
2.49999992929518	9	2.7499999222247	4	2.7499999222247	---	2.7499999222247	---
2.7499999222247	16	2.99999991515421	4	2.99999991515421	---	2.99999991515421	---
2.99999991515421	6	3.24999990808373	6	3.24999990808373	---	3.24999990808373	---
3.24999990808373	11	3.49999990101325	4	3.49999990101325	---	3.49999990101325	---
3.49999990101325	10	3.74999989394277	5	3.74999989394277	---	3.74999989394277	---
3.74999989394277	14	3.99999988687229	5	3.99999988687229	---	3.99999988687229	---
3.99999988687229	11	4.2499998798018	1	4.2499998798018	---	4.2499998798018	---
4.2499998798018	12	4.49999987273132	6	4.49999987273132	---	4.49999987273132	---
4.49999987273132	10	4.74999986566084	4	4.74999986566084	---	4.74999986566084	---
4.74999986566084	12	4.99999985859036	1	4.99999985859036	---	4.99999985859036	---
4.99999985859036	7	5.24999985151988	0	5.24999985151988	---	5.24999985151988	---
5.24999985151988	9	5.49999984444939	1	5.49999984444939	---	5.49999984444939	---
5.49999984444939	10	5.74999983737891	1	5.74999983737891	---	5.74999983737891	---
5.74999983737891	9	5.99999983030843	6	5.99999983030843	---	5.99999983030843	---
5.99999983030843	10	6.24999982323795	9	6.24999982323795	---	6.24999982323795	---
6.24999982323795	15	6.49999981616746	1	6.49999981616746	---	6.49999981616746	---
6.49999981616746	5	6.74999980909698	4	6.74999980909698	---	6.74999980909698	---
6.74999980909698	14	6.9999998020265	3	6.9999998020265	---	6.9999998020265	---
6.9999998020265	7	7.24999979495602	4	7.24999979495602	---	7.24999979495602	---
7.24999979495602	15	7.49999978788553	3	7.49999978788553	---	7.49999978788553	---
7.49999978788553	9	7.74999978081505	5	7.74999978081505	---	7.74999978081505	---
7.74999978081505	11	7.99999977374457	7	7.99999977374457	---	7.99999977374457	---
7.99999977374457	11	8.24999976667409	1	8.24999976667409	---	8.24999976667409	---
8.24999976667409	10	8.49999975960361	4	8.49999975960361	---	8.49999975960361	---
8.49999975960361	15	8.74999975253313	4	8.74999975253313	---	8.74999975253313	---
8.74999975253313	13	8.99999974546264	2	8.99999974546264	---	8.99999974546264	---
8.99999974546264	13	9.24999973839216	3	9.24999973839216	---	9.24999973839216	---
9.24999973839216	8	9.49999973132168	2	9.49999973132168	---	9.49999973132168	---
9.49999973132168	9	9.7499997242512	5	9.7499997242512	---	9.7499997242512	---
9.7499997242512	13	9.99999971718071	4	9.99999971718071	---	9.99999971718071	---
9.99999971718071	11	10.2499997101102	1	10.2499997101102	---	10.2499997101102	---
10.2499997101102	9	10.4999997030398	4	10.4999997030398	---	10.4999997030398	---
10.4999997030398	14	10.7499996959693	4	10.7499996959693	---	10.7499996959693	---
10.7499996959693	10	10.9999996888988	7	10.9999996888988	---	10.9999996888988	---
10.9999996888988	9	11.2499996818283	3	11.2499996818283	---	11.2499996818283	---
11.2499996818283	9	11.4999996747578	4	11.4999996747578	---	11.4999996747578	---
11.4999996747578	14	11.7499996676873	2	11.7499996676873	---	11.7499996676873	---
11.7499996676873	17	11.9999996606169	3	11.9999996606169	---	11.9999996606169	---
11.9999996606169	7	12.2499996535464	1	12.2499996535464	---	12.2499996535464	---
12.2499996535464	11	12.4999996464759	6	12.4999996464759	---	12.4999996464759	---
12.4999996464759	11	12.7499996394054	2	12.7499996394054	---	12.7499996394054	---
12.7499996394054	17	12.9999996323349	0	12.9999996323349	---	12.9999996323349	---
12.9999996323349	10	13.2499996252644	2	13.2499996252644	---	13.2499996252644	---
13.2499996252644	16	13.499999618194	3	13.499999618194	---	13.499999618194	---
13.499999618194	9	13.7499996111235	3	13.7499996111235	---	13.7499996111235	---
13.7499996111235	6	13.999999604053	5	13.999999604053	---	13.999999604053	---
13.999999604053	16	14.2499995969825	3	14.2499995969825	---	14.2499995969825	---
14.2499995969825	7	14.499999589912	3	14.499999589912	---	14.499999589912	---
14.499999589912	13	14.7499995828416	4	14.7499995828416	---	14.7499995828416	---
14.7499995828416	10	14.9999995757711	1	14.9999995757711	---	14.9999995757711	---
14.9999995757711	11	15.2499995687006	2	15.2499995687006	---	15.2499995687006	---
15.2499995687006	11	15.4999995616301	4	15.4999995616301	---	15.4999995616301	---
15.4999995616301	15	15.7499995545596	3	15.7499995545596	---	15.7499995545596	---
15.7499995545596	8	15.9999995474891	6	15.9999995474891	---	15.9999995474891	---
15.9999995474891	12	16.2499995404187	2	16.2499995404187	---	16.2499995404187	---
16.2499995404187	12	16.4999995333482	1	16.4999995333482	---	16.4999995333482	---
16.4999995333482	9	16.7499995262777	3	16.7499995262777	---	16.7499995262777	---
16.7499995262777	12	16.9999995192072	2	16.9999995192072	---	16.9999995192072	---
16.9999995192072	10	17.2499995121367	0	17.2499995121367	---	17.2499995121367	---
17.2499995121367	15	17.4999995050662	0	17.4999995050662	---	17.4999995050662	---
17.4999995050662	9	17.7499994979958	6	17.7499994979958	---	17.7499994979958	---
17.7499994979958	13	17.9999994909253	3	17.9999994909253	---	17.9999994909253	---
17.9999994909253	12	18.2499994838548	2	18.2499994838548	---	18.2499994838548	---
18.2499994838548	8	18.4999994767843	16	18.4999994767843	---	18.4999994767843	---
18.4999994767843	11	18.7499994697138	176	18.7499994697138	---	18.7499994697138	---
18.7499994697138	62	18.9999994626434	560	18.9999994626434	---	18.9999994626434	---
18.9999994626434	238	19.2499994555729	719	19.2499994555729	---	19.2499994555729	---
19.2499994555729	175	19.4999994485024	789	19.4999994485024	---	19.4999994485024	---
19.4999994485024	68	19.7499994414319	766	19.7499994414319	---	19.7499994414319	---
19.7499994414319	20	19.9999994343614	675	19.9999994343614	---	19.9999994343614	---
19.9999994343614	17	20.2499994272909	648	20.2499994272909	---	20.2499994272909	---
20.2499994272909	10	20.4999994202205	650	20.4999994202205	---	20.4999994202205	---
20.4999994202205	10	20.74999941315	544	20.74999941315	---	20.74999941315	---
20.74999941315	15	20.9999994060795	523	20.9999994060795	---	20.9999994060795	---
20.9999994060795	12	21.249999399009	524	21.249999399009	---	21.249999399009	---
21.249999399009	10	21.4999993919385	476	21.4999993919385	---	21.4999993919385	---
21.4999993919385	6	21.7499993848681	483	21.7499993848681	---	21.7499993848681	---
21.7499993848681	11	21.9999993777976	453	21.9999993777976	431.912506103516	21.9999993777976	0.990776896476746
21.9999993777976	13	22.2499993707271	433	22.2499993707271	411.895294189453	22.2499993707271	1.01422739028931
22.2499993707271	13	22.4999993636566	402	22.4999993636566	392.878662109375	22.4999993636566	0.454930990934372
22.4999993636566	9	22.7499993565861	379	22.7499993565861	374.799591064453	22.7499993565861	0.215760514140129
22.7499993565861	12	22.9999993495156	327	22.9999993495156	357.629760742188	22.9999993495156	-1.69382965564728
22.9999993495156	5	23.2499993424452	321	23.2499993424452	341.299652099609	23.2499993424452	-1.13301610946655
23.2499993424452	16	23.4999993353747	364	23.4999993353747	325.79443359375	23.4999993353747	2.00251579284668
23.4999993353747	13	23.7499993283042	292	23.7499993283042	311.049163818359	23.7499993283042	-1.11476802825928
23.7499993283042	11	23.9999993212337	292	23.9999993212337	297.026153564453	23.9999993212337	-0.294133394956589
23.9999993212337	14	24.2499993141632	261	24.2499993141632	283.681518554687	24.2499993141632	-1.40395081043243
24.2499993141632	12	24.4999993070927	278	24.4999993070927	271.010101318359	24.4999993070927	0.419226258993149
24.4999993070927	5	24.7499993000223	253	24.7499993000223	258.966247558594	24.7499993000223	-0.375094771385193
24.7499993000223	11	24.9999992929518	249	24.9999992929518	247.497406005859	24.9999992929518	0.0952230244874954
24.9999992929518	12	25.2499992858813	247	25.2499992858813	236.596908569336	25.2499992858813	0.66193288564682
25.2499992858813	10	25.4999992788108	227	25.4999992788108	226.226440429687	25.4999992788108	0.0513429529964924
25.4999992788108	6	25.7499992717403	213	25.7499992717403	216.360488891602	25.7499992717403	-0.230256900191307
25.7499992717403	15	25.9999992646699	220	25.9999992646699	206.966339111328	25.9999992646699	0.878729224205017
25.9999992646699	11	26.2499992575994	201	26.2499992575994	198.035308837891	26.2499992575994	0.209113195538521
26.2499992575994	11	26.4999992505289	179	26.4999992505289	189.530914306641	26.4999992505289	-0.787117481231689
26.4999992505289	8	26.7499992434584	185	26.7499992434584	181.439208984375	26.7499992434584	0.261794567108154
26.7499992434584	8	26.9999992363879	160	26.9999992363879	173.737060546875	26.9999992363879	-1.08600997924805
26.9999992363879	12	27.2499992293174	148	27.2499992293174	166.412216186523	27.2499992293174	-1.51347482204437
27.2499992293174	6	27.499999222247	158	27.499999222247	159.434158325195	27.499999222247	-0.114095509052277
27.499999222247	8	27.7499992151765	167	27.7499992151765	152.780899047852	27.7499992151765	1.10030710697174
27.7499992151765	9	27.999999208106	142	27.999999208106	146.450454711914	27.999999208106	-0.373473852872849
27.999999208106	10	28.2499992010355	152	28.2499992010355	140.417678833008	28.2499992010355	0.939450323581696
28.2499992010355	14	28.499999193965	138	28.499999193965	134.670959472656	28.499999193965	0.283386737108231
28.499999193965	9	28.7499991868946	128	28.7499991868946	129.198867797852	28.7499991868946	-0.105965942144394
28.7499991868946	14	28.9999991798241	146	28.9999991798241	123.981483459473	28.9999991798241	1.82226538658142
28.9999991798241	11	29.2499991727536	128	29.2499991727536	119.004913330078	29.2499991727536	0.795060873031616
29.2499991727536	8	29.4999991656831	112	29.4999991656831	114.264015197754	29.4999991656831	-0.213929325342178
29.4999991656831	14	29.7499991586126	108	29.7499991586126	109.740814208984	29.7499991586126	-0.16750992834568
29.7499991586126	12	29.9999991515421	84	29.9999991515421	105.432151794434	29.9999991515421	-2.33843946456909
29.9999991515421	12	30.2499991444717	124	30.2499991444717	101.324058532715	30.2499991444717	2.03635954856873
30.2499991444717	13	30.4999991374012	84	30.4999991374012	97.4036178588867	30.4999991374012	-1.46245455741882
30.4999991374012	7	30.7499991303307	108	30.7499991303307	93.6612930297852	30.7499991303307	1.37974274158478
30.7499991303307	11	30.9999991232602	94	30.9999991232602	90.0927352905273	30.9999991232602	0.403003573417664
30.9999991232602	9	31.2499991161897	87	31.2499991161897	86.6846160888672	31.2499991161897	0.0338127054274082
31.2499991161897	6	31.4999991091192	96	31.4999991091192	83.4311294555664	31.4999991091192	1.2828049659729
31.4999991091192	15	31.7499991020488	71	31.7499991020488	80.3254623413086	31.7499991020488	-1.10672879219055
31.7499991020488	10	31.9999990949783	69	31.9999990949783	77.3587493896484	31.9999990949783	-1.00627517700195
31.9999990949783	9	32.2499990879078	77	32.2499990879078	74.5261459350586	32.2499990879078	0.281921833753586
32.2499990879078	14	32.4999990808373	60	32.4999990808373	71.8192367553711	32.4999990808373	-1.52585685253143
32.4999990808373	18	32.7499990737668	76	32.7499990737668	69.2334213256836	32.7499990737668	0.776179790496826
32.7499990737668	15	32.9999990666964	63	32.9999990666964	66.7644805908203	32.9999990666964	-0.474279969930649
32.9999990666964	20	33.2499990596259	71	33.2499990596259	64.4015579223633	33.2499990596259	0.783091008663177
33.2499990596259	12	33.4999990525554	69	33.4999990525554	62.1399116516113	33.4999990525554	0.825857579708099
33.4999990525554	15	33.7499990454849	63	33.7499990454849	59.9766502380371	33.7499990454849	0.380906254053116
33.7499990454849	13	33.9999990384144	72	33.9999990384144	57.9110450744629	33.9999990384144	1.66039931774139
33.9999990384144	14	34.2499990313439	66	34.2499990313439	55.933464050293	34.2499990313439	1.23910486698151
34.2499990313439	7	34.4999990242735	58	34.4999990242735	54.0393562316895	34.4999990242735	0.52005797624588
34.4999990242735	7	34.749999017203	49	34.749999017203	52.2262535095215	34.749999017203	-0.460893362760544
34.749999017203	10	34.9999990101325	55	34.9999990101325	50.4942512512207	34.9999990101325	0.607555031776428
34.9999990101325	11	35.249999003062	48	35.249999003062	48.8294944763184	35.249999003062	-0.119727216660976
35.249999003062	11	35.4999989959915	49	35.4999989959915	47.2392845153809	35.4999989959915	0.251530796289444
35.4999989959915	8	35.749998988921	45	35.749998988921	45.7128868103027	35.749998988921	-0.106270894408226
35.749998988921	14	35.9999989818506	49	35.9999989818506	44.2509803771973	35.9999989818506	0.678431391716003
35.9999989818506	13	36.2499989747801	50	36.2499989747801	42.8498115539551	36.2499989747801	1.0111893415451
36.2499989747801	11	36.4999989677096	40	36.4999989677096	41.5065116882324	36.4999989677096	-0.238200411200523
36.4999989677096	14	36.7499989606391	38	36.7499989606391	40.214672088623	36.7499989606391	-0.359267264604569
36.7499989606391	12	36.9999989535686	43	36.9999989535686	38.9796524047852	36.9999989535686	0.613097250461578
36.9999989535686	6	37.2499989464982	46	37.2499989464982	37.7921409606934	37.2499989464982	1.21018278598785
37.2499989464982	6	37.4999989394277	34	37.4999989394277	36.6525421142578	37.4999989394277	-0.454907208681107
37.4999989394277	12	37.7499989323572	26	37.7499989323572	35.5581703186035	37.7499989323572	-1.87451148033142
37.7499989323572	11	37.9999989252867	28	37.9999989252867	34.506778717041	37.9999989252867	-1.2296656370163
37.9999989252867	8	38.2499989182162	35	38.2499989182162	33.4970970153809	38.2499989182162	0.254036962985992
38.2499989182162	15	38.4999989111457	24	38.4999989111457	32.526725769043	38.4999989111457	-1.74051058292389
38.4999989111457	12	38.7499989040753	29	38.7499989040753	31.5937805175781	38.7499989040753	-0.481652945280075
38.7499989040753	9	38.9999988970048	31	38.9999988970048	30.6972141265869	38.9999988970048	0.0543819479644299
38.9999988970048	10	39.2499988899343	41	39.2499988899343	29.8344841003418	39.2499988899343	1.74376058578491
39.2499988899343	10	39.4999988828638	22	39.4999988828638	29.0050239562988	39.4999988828638	-1.49347615242004
39.4999988828638	12	39.7499988757933	29	39.7499988757933	28.205753326416	39.7499988757933	0.147487908601761
39.7499988757933	13	39.9999988687229	24	39.9999988687229	27.4371070861816	39.9999988687229	-0.701596558094025
39.9999988687229	6	40.2499988616524	30	40.2499988616524	26.6971893310547	40.2499988616524	0.603007972240448
40.2499988616524	13	40.4999988545819	23	40.4999988545819	25.9843368530273	40.4999988545819	-0.62227725982666
40.4999988545819	8	40.7499988475114	27	40.7499988475114	25.2972660064697	40.7499988475114	0.327691316604614
40.7499988475114	12	40.9999988404409	28	40.9999988404409	24.6351375579834	40.9999988404409	0.635899245738983
40.9999988404409	22	41.2499988333704	25	41.2499988333704	23.9965190887451	41.2499988333704	0.200696185231209
41.2499988333704	14	41.4999988263	20	41.4999988263	23.3814849853516	41.4999988263	-0.756123006343842
41.4999988263	16	41.7499988192295	18	41.7499988192295	22.7880363464355	41.7499988192295	-1.12855100631714
41.7499988192295	16	41.999998812159	26	41.999998812159	22.2156257629395	41.999998812159	0.742176830768585
41.999998812159	16	42.2499988050885	20	42.2499988050885	21.6624431610107	42.2499988050885	-0.371733605861664
42.2499988050885	7	42.499998798018	19	42.499998798018	21.1298522949219	42.499998798018	-0.48862162232399
42.499998798018	15	42.7499987909476	17	42.7499987909476	20.6139144897461	42.7499987909476	-0.876502990722656
42.7499987909476	8	42.9999987838771	26	42.9999987838771	20.1159801483154	42.9999987838771	1.15395128726959
42.9999987838771	15	43.2499987768066	24	43.2499987768066	19.6350650787354	43.2499987768066	0.89098858833313
43.2499987768066	11	43.4999987697361	20	43.4999987697361	19.1699180603027	43.4999987697361	0.185611963272095
43.4999987697361	17	43.7499987626656	14	43.7499987626656	18.7221298217773	43.7499987626656	-1.26204228401184
43.7499987626656	17	43.9999987555951	19	43.9999987555951	18.2876968383789	43.9999987555951	0.163413554430008
43.9999987555951	4	44.2499987485247	19	44.2499987485247	17.8672466278076	44.2499987485247	0.259871453046799
44.2499987485247	5	44.4999987414542	17	44.4999987414542	17.4614315032959	44.4999987414542	-0.111913576722145
44.4999987414542	13	44.7499987343837	17	44.7499987343837	17.0670185089111	44.7499987343837	-0.0162543766200542
44.7499987343837	18	44.9999987273132	14	44.9999987273132	16.6861667633057	44.9999987273132	-0.717908263206482
44.9999987273132	16	45.2499987202427	15	45.2499987202427	16.3176975250244	45.2499987202427	-0.340228050947189
45.2499987202427	9	45.4999987131722	23	45.4999987131722	15.9610443115234	45.4999987131722	1.46772372722626
45.4999987131722	11	45.7499987061018	13	45.7499987061018	15.6146144866943	45.7499987061018	-0.725163578987122
45.7499987061018	6	45.9999986990313	15	45.9999986990313	15.2793407440186	45.9999986990313	-0.0721254721283913
45.9999986990313	14	46.2499986919608	12	46.2499986919608	14.9542789459229	46.2499986919608	-0.85282689332962
46.2499986919608	12	46.4999986848903	16	46.4999986848903	14.6389656066895	46.4999986848903	0.340258598327637
46.4999986848903	10	46.7499986778198	17	46.7499986778198	14.3335037231445	46.7499986778198	0.646720349788666
46.7499986778198	7	46.9999986707494	17	46.9999986707494	14.0370597839355	46.9999986707494	0.71861857175827
46.9999986707494	14	47.2499986636789	14	47.2499986636789	13.7493515014648	47.2499986636789	0.0669886320829391
47.2499986636789	13	47.4999986566084	19	47.4999986566084	13.4701671600342	47.4999986566084	1.26863062381744
47.4999986566084	12	47.7499986495379	11	47.7499986495379	13.1991291046143	47.7499986495379	-0.663062393665314
47.7499986495379	12	47.9999986424674	14	47.9999986424674	12.9360179901123	47.9999986424674	0.284361153841019
47.9999986424674	13	48.2499986353969	16	48.2499986353969	12.6804580688477	48.2499986353969	0.829885482788086
48.2499986353969	8	48.4999986283265	9	48.4999986283265	12.4322395324707	48.4999986283265	-1.14407980442047
48.4999986283265	7	48.749998621256	9	48.749998621256	12.1909732818604	48.749998621256	-1.06365776062012
48.749998621256	10	48.9999986141855	11	48.9999986141855	11.9565525054932	48.9999986141855	-0.288411438465118
48.9999986141855	11	49.249998607115	22	49.249998607115	11.7287158966064	49.249998607115	2.18984508514404
49.249998607115	7	49.4999986000445	9	49.4999986000445	11.507209777832	49.4999986000445	-0.835736572742462
49.4999986000445	6	49.7499985929741	16	49.7499985929741	11.2916030883789	49.7499985929741	1.17709922790527
49.7499985929741	3	49.9999985859036	12	49.9999985859036	11.0823669433594	49.9999985859036	0.264897853136063
49.9999985859036	11	50.2499985788331	13	50.2499985788331	10.8781890869141	50.2499985788331	0.588484466075897
50.2499985788331	10	50.4999985717626	10	50.4999985717626	10.6797885894775	50.4999985717626	-0.214968025684357
50.4999985717626	11	50.7499985646921	22	50.7499985646921	10.4866161346436	50.7499985646921	2.45466160774231
50.7499985646921	5	50.9999985576216	10	50.9999985576216	10.298526763916	50.9999985576216	-0.0944024547934532
50.9999985576216	10	51.2499985505512	10	51.2499985505512	10.1158494949341	51.2499985505512	-0.0366348251700401
51.2499985505512	11	51.4999985434807	13	51.4999985434807	9.93707752227783	51.4999985434807	0.849501848220825
51.4999985434807	7	51.7499985364102	14	51.7499985364102	9.76372337341309	51.7499985364102	1.13219261169434
51.7499985364102	11	51.9999985293397	13	51.9999985293397	9.59446334838867	51.9999985293397	0.944525897502899
51.9999985293397	13	52.2499985222692	16	52.2499985222692	9.43046092987061	52.2499985222692	1.64238476753235
52.2499985222692	13	52.4999985151987	11	52.4999985151987	9.26955413818359	52.4999985151987	0.521749079227447
52.4999985151987	14	52.7499985081283	8	52.7499985081283	9.11314392089844	52.7499985081283	-0.393555819988251
52.7499985081283	9	52.9999985010578	13	52.9999985010578	8.96081352233887	52.9999985010578	1.12026882171631
52.9999985010578	9	53.2499984939873	15	53.2499984939873	8.81205749511719	53.2499984939873	1.59771990776062
53.2499984939873	11	53.4999984869168	10	53.4999984869168	8.66686820983887	53.4999984869168	0.421573281288147
53.4999984869168	6	53.7499984798463	11	53.7499984798463	8.52515602111816	53.7499984798463	0.746193528175354
53.7499984798463	10	53.9999984727759	7	53.9999984727759	8.38735103607178	53.9999984727759	-0.524369418621063
53.9999984727759	9	54.2499984657054	16	54.2499984657054	8.25301742553711	54.2499984657054	1.93674564361572
54.2499984657054	8	54.4999984586349	12	54.4999984586349	8.12157821655273	54.4999984586349	1.11960387229919
54.4999984586349	9	54.7499984515644	12	54.7499984515644	7.99344730377197	54.7499984515644	1.15659213066101
54.7499984515644	16	54.9999984444939	10	54.9999984444939	7.86830711364746	54.9999984444939	0.674100458621979
54.9999984444939	11	55.2499984374234	9	55.2499984374234	7.74642133712769	55.2499984374234	0.417859554290771
55.2499984374234	7	55.499998430353	5	55.499998430353	7.62716341018677	55.499998430353	-1.17490315437317
55.499998430353	5	55.7499984232825	8	55.7499984232825	7.51085758209229	55.7499984232825	0.172937959432602
55.7499984232825	11	55.999998416212	5	55.999998416212	7.3972020149231	55.999998416212	-1.07206130027771
55.999998416212	12	56.2499984091415	8	56.2499984091415	7.28628158569336	56.2499984091415	0.252337574958801
56.2499984091415	7	56.499998402071	11	56.499998402071	7.17793560028076	56.499998402071	1.15239572525024
56.499998402071	9	56.7499983950006	7	56.7499983950006	7.072105884552	56.7499983950006	-0.0272534620016813
56.7499983950006	19	56.9999983879301	6	56.9999983879301	6.96872901916504	56.9999983879301	-0.39548197388649
56.9999983879301	8	57.2499983808596	4	57.2499983808596	6.86770534515381	57.2499983808596	-1.4338526725769
57.2499983808596	10	57.4999983737891	8	57.4999983737891	6.76903820037842	57.4999983737891	0.435210704803467
57.4999983737891	10	57.7499983667186	10	57.7499983667186	6.67253923416138	57.7499983667186	1.05223548412323
57.7499983667186	12	57.9999983596481	5	57.9999983596481	6.57826232910156	57.9999983596481	-0.705820381641388
57.9999983596481	7	58.2499983525777	6	58.2499983525777	6.48610305786133	58.2499983525777	-0.198450744152069
58.2499983525777	12	58.4999983455072	4	58.4999983455072	6.39601182937622	58.4999983455072	-1.19800591468811
58.4999983455072	14	58.7499983384367	12	58.7499983384367	6.30805921554565	58.7499983384367	1.64312171936035
58.7499983384367	10	58.9999983313662	4	58.9999983313662	6.22216987609863	58.9999983313662	-1.11108493804932
58.9999983313662	9	59.2499983242957	7	59.2499983242957	6.13773012161255	59.2499983242957	0.325907379388809
59.2499983242957	8	59.4999983172253	8	59.4999983172253	6.05539417266846	59.4999983172253	0.687521994113922
59.4999983172253	11	59.7499983101548	9	59.7499983101548	5.97521209716797	59.7499983101548	1.00826263427734
59.7499983101548	9	59.9999983030843	6	59.9999983030843	5.8962984085083	59.9999983030843	0.0423359982669353
59.9999983030843	13	60.2499982960138	3	60.2499982960138	5.81946754455566	60.2499982960138	-1.62782037258148
60.2499982960138	16	60.4999982889433	6	60.4999982889433	5.74383974075317	60.4999982889433	0.104576990008354
60.4999982889433	11	60.7499982818728	1	60.7499982818728	5.67059373855591	60.7499982818728	-4.67059373855591
60.7499982818728	14	60.9999982748024	8	60.9999982748024	5.59860181808472	60.9999982748024	0.849022448062897
60.9999982748024	8	61.2499982677319	8	61.2499982677319	5.52774906158447	61.2499982677319	0.874072730541229
61.2499982677319	8	61.4999982606614	8	61.4999982606614	5.45897150039673	61.4999982606614	0.898389220237732
61.4999982606614	8	61.7499982535909	3	61.7499982535909	5.39141178131103	61.7499982535909	-1.38068222999573
61.7499982535909	9	61.9999982465204	9	61.9999982465204	5.32539081573486	61.9999982465204	1.22486972808838
61.9999982465204	17	62.2499982394499	5	62.2499982394499	5.2608528137207	62.2499982394499	-0.116656921803951
62.2499982394499	11	62.4999982323795	4	62.4999982323795	5.19760894775391	62.4999982323795	-0.598804473876953
62.4999982323795	9	62.749998225309	8	62.749998225309	5.13578033447266	62.749998225309	1.01265454292297
62.749998225309	14	62.9999982182385	7	62.9999982182385	5.0750675201416	62.9999982182385	0.727556109428406
62.9999982182385	12	63.249998211168	6	63.249998211168	5.01572227478027	63.249998211168	0.401829689741135
63.249998211168	14	63.4999982040975	3	63.4999982040975	4.95769214630127	63.4999982040975	-1.13027405738831
63.4999982040975	8	63.749998197027	6	63.749998197027	4.90102386474609	63.749998197027	0.448655128479004
63.749998197027	10	63.9999981899566	6	63.9999981899566	4.84532070159912	63.9999981899566	0.47139585018158
63.9999981899566	10	64.2499981828861	7	64.2499981828861	4.79091167449951	64.2499981828861	0.834956884384155
64.2499981828861	5	64.4999981758156	8	64.4999981758156	4.73754501342773	64.4999981758156	1.15345203876495
64.4999981758156	8	64.7499981687451	5	64.7499981687451	4.68533945083618	64.7499981687451	0.140720471739769
64.7499981687451	8	64.9999981616746	6	64.9999981616746	4.63428926467895	64.9999981616746	0.557549059391022
64.9999981616746	11	65.2499981546042	9	65.2499981546042	4.58423900604248	65.2499981546042	1.4719203710556
65.2499981546042	8	65.4999981475337	5	65.4999981475337	4.53524255752563	65.4999981475337	0.207845851778984
65.4999981475337	11	65.7499981404632	2	65.7499981404632	4.4872579574585	65.7499981404632	-1.75875699520111
65.7499981404632	19	65.9999981333927	5	65.9999981333927	4.440260887146	65.9999981333927	0.250322937965393
65.9999981333927	14	66.2499981263222	6	66.2499981263222	4.39425659179687	66.2499981263222	0.655542016029358
66.2499981263222	14	66.4999981192517	5	66.4999981192517	4.34922027587891	66.4999981192517	0.291037529706955
66.4999981192517	8	66.7499981121813	4	66.7499981121813	4.305006980896	66.7499981121813	-0.152503490447998
66.7499981121813	12	66.9999981051108	3	66.9999981051108	4.26178503036499	66.9999981051108	-0.728491902351379
66.9999981051108	14	67.2499980980403	4	67.2499980980403	4.21951627731323	67.2499980980403	-0.109758138656616
67.2499980980403	7	67.4999980909698	4	67.4999980909698	4.17798614501953	67.4999980909698	-0.0889930725097656
67.4999980909698	6	67.7499980838993	5	67.7499980838993	4.13740730285645	67.7499980838993	0.385763168334961
67.7499980838993	6	67.9999980768289	5	67.9999980768289	4.09766292572022	67.9999980768289	0.403537392616272
67.9999980768289	7	68.2499980697584	4	68.2499980697584	4.05867671966553	68.2499980697584	-0.0293383598327637
68.2499980697584	14	68.4999980626879	5	68.4999980626879	4.02046680450439	68.4999980626879	0.43806055188179
68.4999980626879	6	68.7499980556174	6	68.7499980556174	3.9829478263855	68.7499980556174	0.823458075523377
68.7499980556174	8	68.9999980485469	6	68.9999980485469	3.94636964797974	68.9999980485469	0.838391065597534
68.9999980485469	13	69.2499980414764	4	69.2499980414764	3.9105281829834	69.2499980414764	0.0447359085083008
69.2499980414764	5	69.499998034406	5	69.499998034406	3.875403881073	69.499998034406	0.502934694290161
69.499998034406	11	69.7499980273355	3	69.7499980273355	3.84088492393494	69.7499980273355	-0.485485136508942
69.7499980273355	10	69.999998020265	5	69.999998020265	3.80693745613098	69.999998020265	0.533553779125214
69.999998020265	11	70.2499980131945	9	70.2499980131945	3.77395105361938	70.2499980131945	1.74201631546021
70.2499980131945	8	70.499998006124	5	70.499998006124	3.74150633811951	70.499998006124	0.562815487384796
70.499998006124	6	70.7499979990535	6	70.7499979990535	3.70984649658203	70.7499979990535	0.93495124578476
70.7499979990535	11	70.9999979919831	4	70.9999979919831	3.67877388000488	70.9999979919831	0.160613059997559
70.9999979919831	19	71.2499979849126	7	71.2499979849126	3.6482093334198	71.2499979849126	1.26685774326324
71.2499979849126	10	71.4999979778421	6	71.4999979778421	3.61837244033814	71.4999979778421	0.97229540348053
71.4999979778421	11	71.7499979707716	2	71.7499979707716	3.589035987854	71.7499979707716	-1.12361812591553
71.7499979707716	13	71.9999979637011	8	71.9999979637011	3.56044292449951	71.9999979637011	1.56962049007416
71.9999979637011	12	72.2499979566307	4	72.2499979566307	3.53227949142456	72.2499979566307	0.23386025428772
72.2499979566307	16	72.4999979495602	5	72.4999979495602	3.5047607421875	72.4999979495602	0.668691337108612
72.4999979495602	10	72.7499979424897	8	72.7499979424897	3.47772932052612	72.7499979424897	1.59886407852173
72.7499979424897	13	72.9999979354192	3	72.9999979354192	3.45130228996277	72.9999979354192	-0.260559499263763
72.9999979354192	15	73.2499979283487	2	73.2499979283487	3.4253842830658	73.2499979283487	-1.00789892673492
73.2499979283487	9	73.4999979212782	3	73.4999979212782	3.3999969959259	73.4999979212782	-0.230938374996185
73.4999979212782	9	73.7499979142078	3	73.7499979142078	3.37510251998901	73.7499979142078	-0.216565534472466
73.7499979142078	13	73.9999979071373	4	73.9999979071373	3.35068464279175	73.9999979071373	0.324657678604126
73.9999979071373	16	74.2499979000668	2	74.2499979000668	3.32677936553955	74.2499979000668	-0.938174664974213
74.2499979000668	16	74.4999978929963	1	74.4999978929963	3.30334806442261	74.4999978929963	-2.30334806442261
74.4999978929963	14	74.7499978859258	4	74.7499978859258	3.28038454055786	74.7499978859258	0.359807729721069
74.7499978859258	9	74.9999978788553	7	74.9999978788553	3.25786972045898	74.9999978788553	1.41439235210419
74.9999978788553	10	75.2499978717849	3	75.2499978717849	3.23582196235657	75.2499978717849	-0.136151880025864
75.2499978717849	7	75.4999978647144	7	75.4999978647144	3.21420240402222	75.4999978647144	1.43089699745178
75.4999978647144	14	75.7499978576439	7	75.7499978576439	3.19302320480347	75.7499978576439	1.43890202045441
75.7499978576439	15	75.9999978505734	4	75.9999978505734	3.17223310470581	75.9999978505734	0.413883447647095
75.9999978505734	10	76.2499978435029	2	76.2499978435029	3.15184450149536	76.2499978435029	-0.8144770860672
76.2499978435029	9	76.4999978364325	5	76.4999978364325	3.13193273544312	76.4999978364325	0.835425078868866
76.4999978364325	12	76.749997829362	4	76.749997829362	3.11237549781799	76.749997829362	0.443812251091003
76.749997829362	15	76.9999978222915	3	76.9999978222915	3.09322738647461	76.9999978222915	-0.053824856877327
76.9999978222915	11	77.249997815221	5	77.249997815221	3.07439541816711	77.249997815221	0.861156523227692
77.249997815221	11	77.4999978081505	7	77.4999978081505	3.05595397949219	77.4999978081505	1.49070930480957
77.4999978081505	17	77.74999780108	5	77.74999780108	3.03793621063232	77.74999780108	0.877461612224579
77.74999780108	8	77.9999977940096	3	77.9999977940096	3.02027177810669	77.9999977940096	-0.0117039168253541
77.9999977940096	11	78.2499977869391	4	78.2499977869391	3.00295162200928	78.2499977869391	0.498524188995361
78.2499977869391	17	78.4999977798686	1	78.4999977798686	2.98592185974121	78.4999977798686	-1.98592185974121
78.4999977798686	14	78.7499977727981	1	78.7499977727981	2.96930575370789	78.7499977727981	-1.96930575370789
78.7499977727981	19	78.9999977657276	6	78.9999977657276	2.95292544364929	78.9999977657276	1.24396300315857
78.9999977657276	9	79.2499977586572	4	79.2499977586572	2.93694472312927	79.2499977586572	0.531527638435364
79.2499977586572	7	79.4999977515867	5	79.4999977515867	2.9212121963501	79.4999977515867	0.92966216802597
79.4999977515867	8	79.7499977445162	3	79.7499977445162	2.90585422515869	79.7499977445162	0.0543550886213779
79.7499977445162	9	79.9999977374457	7	79.9999977374457	2.8907778263092	79.9999977374457	1.55314004421234
79.9999977374457	12	80.2499977303752	7	80.2499977303752	2.87598204612732	80.2499977303752	1.55873227119446
80.2499977303752	13	80.4999977233047	1	80.4999977233047	2.86152791976929	80.4999977233047	-1.86152791976929
80.4999977233047	16	80.7499977162343	4	80.7499977162343	2.84731078147888	80.7499977162343	0.576344609260559
80.7499977162343	9	80.9999977091638	7	80.9999977091638	2.83339023590088	80.9999977091638	1.57483041286469
80.9999977091638	13	81.2499977020933	1	81.2499977020933	2.8197329044342	81.2499977020933	-1.8197329044342
81.2499977020933	5	81.4999976950228	3	81.4999976950228	2.80637836456299	81.4999976950228	0.111787505447865
81.4999976950228	17	81.7499976879523	2	81.7499976879523	2.79323863983154	81.7499976879523	-0.560904443264008
81.7499976879523	13	81.9999976808818	5	81.9999976808818	2.78040170669556	81.9999976808818	0.992634534835815
81.9999976808818	9	82.2499976738114	5	82.2499976738114	2.76779556274414	82.2499976738114	0.998272180557251
82.2499976738114	13	82.4999976667409	2	82.4999976667409	2.75544452667236	82.4999976667409	-0.534179925918579
82.4999976667409	9	82.7499976596704	1	82.7499976596704	2.74332666397095	82.7499976596704	-1.74332666397095
82.7499976596704	17	82.9999976525999	4	82.9999976525999	2.73146343231201	82.9999976525999	0.634268283843994
82.9999976525999	10	83.2499976455294	5	83.2499976455294	2.71982574462891	83.2499976455294	1.01972496509552
83.2499976455294	9	83.499997638459	2	83.499997638459	2.70841932296753	83.499997638459	-0.500928103923798
83.499997638459	11	83.7499976313885	5	83.7499976313885	2.69723320007324	83.7499976313885	1.02982866764069
83.7499976313885	13	83.999997624318	3	83.999997624318	2.68627238273621	83.999997624318	0.181130722165108
83.999997624318	13	84.2499976172475	5	84.2499976172475	2.67552947998047	84.2499976172475	1.0395348072052
84.2499976172475	8	84.499997610177	5	84.499997610177	2.66499280929565	84.499997610177	1.04424691200256
84.499997610177	6	84.7499976031065	3	84.7499976031065	2.65466046333313	84.7499976031065	0.199381873011589
84.7499976031065	7	84.9999975960361	5	84.9999975960361	2.6445472240448	84.9999975960361	1.05339050292969
84.9999975960361	8	85.2499975889656	2	85.2499975889656	2.63460206985474	85.2499975889656	-0.448731422424316
85.2499975889656	6	85.4999975818951	3	85.4999975818951	2.62488079071045	85.4999975818951	0.216575175523758
85.4999975818951	12	85.7499975748246	6	85.7499975748246	2.61533713340759	85.7499975748246	1.38178277015686
85.7499975748246	16	85.9999975677541	2	85.9999975677541	2.60597634315491	85.9999975677541	-0.428489983081818
85.9999975677541	13	86.2499975606836	7	86.2499975606836	2.59684371948242	86.2499975606836	1.66423666477203
86.2499975606836	13	86.4999975536132	3	86.4999975536132	2.58782196044922	86.4999975536132	0.237971097230911
86.4999975536132	10	86.7499975465427	3	86.7499975465427	2.57902383804321	86.7499975465427	0.243050694465637
86.7499975465427	9	86.9999975394722	5	86.9999975394722	2.57039618492126	86.9999975394722	1.08655190467834
86.9999975394722	11	87.2499975324017	2	87.2499975324017	2.5619113445282	87.2499975324017	-0.397331327199936
87.2499975324017	9	87.4999975253312	0	87.4999975253312	2.55363154411316	87.4999975253312	-2.55363154411316
87.4999975253312	12	87.7499975182608	4	87.7499975182608	2.54549217224121	87.7499975182608	0.727253913879395
87.7499975182608	11	87.9999975111903	1	87.9999975111903	2.53752827644348	87.9999975111903	-1.53752827644348
87.9999975111903	10	88.2499975041198	4	88.2499975041198	2.52970814704895	88.2499975041198	0.735145926475525
88.2499975041198	14	88.4999974970493	4	88.4999974970493	2.52201104164124	88.4999974970493	0.738994479179382
88.4999974970493	10	88.7499974899788	5	88.7499974899788	2.51449584960938	88.7499974899788	1.11155128479004
88.7499974899788	15	88.9999974829084	2	88.9999974829084	2.50713682174683	88.9999974829084	-0.358599871397018
88.9999974829084	9	89.2499974758379	3	89.2499974758379	2.49991321563721	89.2499974758379	0.288725227117538
89.2499974758379	12	89.4999974687674	1	89.4999974687674	2.4928240776062	89.4999974687674	-1.4928240776062
89.4999974687674	17	89.7499974616969	3	89.7499974616969	2.48588180541992	89.7499974616969	0.296826273202896
89.7499974616969	10	89.9999974546264	1	89.9999974546264	2.47908163070679	89.9999974546264	-1.47908163070679
89.9999974546264	9	90.2499974475559	3	90.2499974475559	2.47240877151489	90.2499974475559	0.304604947566986
90.2499974475559	11	90.4999974404855	5	90.4999974404855	2.46586275100708	90.4999974404855	1.13330066204071
90.4999974404855	8	90.749997433415	3	90.749997433415	2.45944976806641	90.749997433415	0.312086820602417
90.749997433415	11	90.9999974263445	5	90.9999974263445	2.45315980911255	90.9999974263445	1.13898158073425
90.9999974263445	8	91.249997419274	2	91.249997419274	2.44699645042419	91.249997419274	-0.316074222326279
91.249997419274	17	91.4999974122035	5	91.4999974122035	2.44095540046692	91.4999974122035	1.14443957805634
91.4999974122035	16	91.749997405133	7	91.749997405133	2.43502831459045	91.749997405133	1.72539710998535
91.749997405133	13	91.9999973980626	4	91.9999973980626	2.42921996116638	91.9999973980626	0.785390019416809
91.9999973980626	13	92.2499973909921	5	92.2499973909921	2.42352485656738	92.2499973909921	1.15223467350006
92.2499973909921	10	92.4999973839216	6	92.4999973839216	2.41794395446777	92.4999973839216	1.46236824989319
92.4999973839216	8	92.7499973768511	4	92.7499973768511	2.41246557235718	92.7499973768511	0.793767213821411
92.7499973768511	18	92.9999973697806	4	92.9999973697806	2.40710043907166	92.9999973697806	0.796449780464172
92.9999973697806	12	93.2499973627102	5	93.2499973627102	2.40183758735657	93.2499973627102	1.16193354129791
93.2499973627102	13	93.4999973556397	7	93.4999973556397	2.39667677879334	93.4999973556397	1.73989260196686
93.4999973556397	10	93.7499973485692	6	93.7499973485692	2.39162969589233	93.7499973485692	1.47311103343964
93.7499973485692	7	93.9999973414987	3	93.9999973414987	2.38667798042297	93.9999973414987	0.354101628065109
93.9999973414987	7	94.2499973344282	6	94.2499973344282	2.38180589675903	94.2499973344282	1.47712159156799
94.2499973344282	10	94.4999973273577	2	94.4999973273577	2.37703824043274	94.4999973273577	-0.26660630106926
94.4999973273577	12	94.7499973202873	3	94.7499973202873	2.3723840713501	94.7499973202873	0.362354218959808
94.7499973202873	9	94.9999973132168	4	94.9999973132168	2.36779856681824	94.9999973132168	0.816100716590881
94.9999973132168	12	95.2499973061463	4	95.2499973061463	2.36331748962402	95.2499973061463	0.818341255187988
95.2499973061463	14	95.4999972990758	2	95.4999972990758	2.35889434814453	95.4999972990758	-0.253776639699936
95.4999972990758	8	95.7499972920053	0	95.7499972920053	2.35458302497864	95.7499972920053	-2.35458302497864
95.7499972920053	8	95.9999972849348	7	95.9999972849348	2.35037589073181	95.9999972849348	1.75739276409149
95.9999972849348	17	96.2499972778644	1	96.2499972778644	2.34621620178223	96.2499972778644	-1.34621620178223
96.2499972778644	9	96.4999972707939	2	96.4999972707939	2.34214878082275	96.4999972707939	-0.241935729980469
96.4999972707939	15	96.7499972637234	5	96.7499972637234	2.33815765380859	96.7499972637234	1.19041204452515
96.7499972637234	9	96.9999972566529	4	96.9999972566529	2.3342502117157	96.9999972566529	0.832874894142151
96.9999972566529	13	97.2499972495824	2	97.2499972495824	2.33041405677795	97.2499972495824	-0.233638018369675
97.2499972495824	12	97.4999972425119	2	97.4999972425119	2.32666730880737	97.4999972425119	-0.230988666415215
97.4999972425119	10	97.7499972354415	3	97.7499972354415	2.32297968864441	97.7499972354415	0.39087787270546
97.7499972354415	14	97.999997228371	3	97.999997228371	2.31936097145081	97.999997228371	0.392967134714127
97.999997228371	7	98.2499972213005	3	98.2499972213005	2.31581807136536	98.2499972213005	0.395012617111206
98.2499972213005	15	98.49999721423	1	98.49999721423	2.31234860420227	98.49999721423	-1.31234860420227
98.49999721423	10	98.7499972071596	4	98.7499972071596	2.3089497089386	98.7499972071596	0.845525145530701
98.7499972071596	17	98.9999972000891	2	98.9999972000891	2.30561447143555	98.9999972000891	-0.216102063655853
98.9999972000891	15	99.2499971930186	6	99.2499971930186	2.30234694480896	99.2499971930186	1.50956058502197
99.2499971930186	10	99.4999971859481	3	99.4999971859481	2.2991406917572	99.4999971859481	0.404641300439835
99.4999971859481	12	99.7499971788776	6	99.7499971788776	2.29599571228027	99.7499971788776	1.5121533870697
99.7499971788776	8	99.9999971718071	2	99.9999971718071	2.29291415214539	99.9999971718071	-0.207121580839157
99.9999971718071	15	100.249997164737	5	100.249997164737	2.28989195823669	100.249997164737	1.21199715137482
100.249997164737	13	100.499997157666	5	100.499997157666	2.28692889213562	100.499997157666	1.21332228183746
100.499997157666	7	100.749997150596	2	100.749997150596	2.28402495384216	100.749997150596	-0.200835973024368
100.749997150596	10	100.999997143525	5	100.999997143525	2.28117823600769	100.999997143525	1.21589410305023
100.999997143525	13	101.249997136455	2	101.249997136455	2.27838635444641	101.249997136455	-0.196848884224892
101.249997136455	13	101.499997129384	5	101.499997129384	2.27565026283264	101.499997129384	1.21836626529694
101.499997129384	15	101.749997122314	4	101.749997122314	2.27296328544617	101.749997122314	0.863518357276916
101.749997122314	13	101.999997115243	2	101.999997115243	2.2703378200531	101.999997115243	-0.191157698631287
101.999997115243	11	102.249997108173	5	102.249997108173	2.26775789260864	102.249997108173	1.22189581394196
102.249997108173	12	102.499997101102	2	102.499997101102	2.26522541046143	102.499997101102	-0.18754269182682
102.499997101102	13	102.749997094032	3	102.749997094032	2.26275157928467	102.749997094032	0.42565056681633
102.749997094032	13	102.999997086961	2	102.999997086961	2.26032400131226	102.999997086961	-0.184076860547066
102.999997086961	9	103.249997079891	3	103.249997079891	2.25794053077698	103.249997079891	0.42842823266983
103.249997079891	9	103.49999707282	4	103.49999707282	2.25560259819031	103.49999707282	0.872198700904846
103.49999707282	10	103.74999706575	2	103.74999706575	2.25330901145935	103.74999706575	-0.179116517305374
103.74999706575	11	103.999997058679	1	103.999997058679	2.25106763839722	103.999997058679	-1.25106763839722
103.999997058679	14	104.249997051609	4	104.249997051609	2.24886965751648	104.249997051609	0.87556517124176
104.249997051609	9	104.499997044538	2	104.499997044538	2.24671411514282	104.499997044538	-0.174453228712082
104.499997044538	10	104.749997037468	4	104.749997037468	2.24459409713745	104.749997037468	0.877702951431274
104.749997037468	12	104.999997030397	1	104.999997030397	2.24251341819763	104.999997030397	-1.24251341819763
104.999997030397	14	105.249997023327	4	105.249997023327	2.24047875404358	105.249997023327	0.87976062297821
105.249997023327	11	105.499997016257	3	105.499997016257	2.23848295211792	105.499997016257	0.43966206908226
105.499997016257	9	105.749997009186	1	105.749997009186	2.2365288734436	105.749997009186	-1.2365288734436
105.749997009186	7	105.999997002116	3	105.999997002116	2.23461556434631	105.999997002116	0.441894918680191
105.999997002116	11	106.249996995045	3	106.249996995045	2.23273682594299	106.249996995045	0.442979604005814
106.249996995045	13	106.499996987975	3	106.499996987975	2.23089265823364	106.499996987975	0.444044321775436
106.499996987975	9	106.749996980904	4	106.749996980904	2.22908687591553	106.749996980904	0.885456562042236
106.749996980904	10	106.999996973834	3	106.999996973834	2.22731828689575	106.999996973834	0.446107983589172
106.999996973834	14	107.249996966763	4	107.249996966763	2.22558236122131	107.249996966763	0.887208819389343
107.249996966763	14	107.499996959693	2	107.499996959693	2.22387886047363	107.499996959693	-0.158306255936623
107.499996959693	16	107.749996952622	6	107.749996952622	2.22220802307129	107.749996952622	1.54227709770203
107.749996952622	13	107.999996945552	2	107.999996945552	2.22057366371155	107.999996945552	-0.155969128012657
107.999996945552	13	108.249996938481	4	108.249996938481	2.21897006034851	108.249996938481	0.890514969825745
108.249996938481	12	108.499996931411	4	108.499996931411	2.21739721298218	108.499996931411	0.891301393508911
108.499996931411	8	108.74999692434	5	108.74999692434	2.21585583686829	108.74999692434	1.24510717391968
108.74999692434	8	108.99999691727	2	108.99999691727	2.21434497833252	108.99999691727	-0.151564791798592
108.99999691727	8	109.249996910199	2	109.249996910199	2.21286249160767	109.249996910199	-0.150516510009766
109.249996910199	10	109.499996903129	3	109.499996903129	2.2114098072052	109.499996903129	0.455292761325836
109.499996903129	13	109.749996896058	2	109.749996896058	2.20998549461365	109.749996896058	-0.148482173681259
109.749996896058	15	109.999996888988	2	109.999996888988	2.20858860015869	109.999996888988	-0.147494420409203
109.999996888988	15	110.249996881917	1	110.249996881917	2.20721983909607	110.249996881917	-1.20721983909607
110.249996881917	11	110.499996874847	1	110.499996874847	2.20587801933289	110.499996874847	-1.20587801933289
110.499996874847	11	110.749996867776	4	110.749996867776	2.20456266403198	110.749996867776	0.897718667984009
110.749996867776	10	110.999996860706	3	110.999996860706	2.20327091217041	110.999996860706	0.459991753101349
110.999996860706	18	111.249996853635	6	111.249996853635	2.20200490951538	111.249996853635	1.55052495002747
111.249996853635	15	111.499996846565	3	111.499996846565	2.20076584815979	111.499996846565	0.461438059806824
111.499996846565	9	111.749996839494	4	111.749996839494	2.19955110549927	111.749996839494	0.900224447250366
111.749996839494	7	111.999996832424	5	111.999996832424	2.19836020469666	111.999996832424	1.25293135643005
111.999996832424	13	112.249996825354	3	112.249996825354	2.19719052314758	112.249996825354	0.463502258062363
112.249996825354	10	112.499996818283	6	112.499996818283	2.19604086875916	112.499996818283	1.55295979976654
112.499996818283	14	112.749996811213	4	112.749996811213	2.19492149353027	112.749996811213	0.902539253234863
112.749996811213	7	112.999996804142	5	112.999996804142	2.19382166862488	112.999996804142	1.25496113300323
112.999996804142	11	113.249996797072	2	113.249996797072	2.19274306297302	113.249996797072	-0.136289924383163
113.249996797072	12	113.499996790001	5	113.499996790001	2.1916823387146	113.499996790001	1.25591778755188
113.499996790001	16	113.749996782931	7	113.749996782931	2.19064140319824	113.749996782931	1.81776666641235
113.749996782931	10	113.99999677586	3	113.99999677586	2.18962621688843	113.99999677586	0.467869520187378
113.99999677586	11	114.24999676879	2	114.24999676879	2.18862771987915	114.24999676879	-0.133379936218262
114.24999676879	11	114.499996761719	4	114.499996761719	2.18765020370483	114.499996761719	0.906174898147583
114.499996761719	9	114.749996754649	1	114.749996754649	2.18669295310974	114.749996754649	-1.18669295310974
114.749996754649	8	114.999996747578	2	114.999996747578	2.18575072288513	114.999996747578	-0.131345599889755
114.999996747578	19	115.249996740508	0	115.249996740508	2.1848304271698	115.249996740508	-2.1848304271698
115.249996740508	9	115.499996733437	6	115.499996733437	2.183926820755	115.499996733437	1.55790531635284
115.499996733437	12	115.749996726367	6	115.749996726367	2.18304014205933	115.749996726367	1.55826735496521
115.749996726367	14	115.999996719296	3	115.999996719296	2.18217182159424	115.999996719296	0.47217333316803
115.999996719296	12	116.249996712226	0	116.249996712226	2.181321144104	116.249996712226	-2.181321144104
116.249996712226	12	116.499996705155	2	116.499996705155	2.18048644065857	116.499996705155	-0.127623185515404
116.499996705155	11	116.749996698085	2	116.749996698085	2.17966747283936	116.749996698085	-0.127044081687927
116.749996698085	15	116.999996691014	6	116.999996691014	2.17886424064636	116.999996691014	1.55997216701508
116.999996691014	8	117.249996683944	1	117.249996683944	2.17807817459106	117.249996683944	-1.17807817459106
117.249996683944	9	117.499996676873	6	117.499996676873	2.17730641365051	117.499996676873	1.56060814857483
117.499996676873	8	117.749996669803	0	117.749996669803	2.17655062675476	117.749996669803	-2.17655062675476
117.749996669803	14	117.999996662732	6	117.999996662732	2.17580890655518	117.999996662732	1.56121945381165
117.999996662732	13	118.249996655662	3	118.249996655662	2.17508220672607	118.249996655662	0.476266503334045
118.249996655662	17	118.499996648591	4	118.499996648591	2.17436957359314	118.499996648591	0.91281521320343
118.499996648591	14	118.749996641521	4	118.749996641521	2.17367124557495	118.749996641521	0.913164377212524
118.749996641521	5	118.999996634451	7	118.999996634451	2.17298579216003	118.999996634451	1.82443988323212
118.999996634451	13	119.24999662738	2	119.24999662738	2.17231440544128	119.24999662738	-0.121844686567783
119.24999662738	15	119.49999662031	4	119.49999662031	2.17165589332581	119.49999662031	0.914172053337097
119.49999662031	17	119.749996613239	3	119.749996613239	2.17101001739502	119.749996613239	0.478617578744888
119.749996613239	9	119.999996606169	4	119.999996606169	2.17037844657898	119.999996606169	0.91481077671051
119.999996606169	10	120.249996599098	3	120.249996599098	2.16975665092468	120.249996599098	0.479341208934784
120.249996599098	16	120.499996592028	2	120.499996592028	2.16914892196655	120.499996592028	-0.119606353342533
120.499996592028	16	120.749996584957	6	120.749996584957	2.16855192184448	120.749996584957	1.56418216228485
120.749996584957	11	120.999996577887	4	120.999996577887	2.1679675579071	120.999996577887	0.916016221046448
120.999996577887	11	121.249996570816	2	121.249996570816	2.16739535331726	121.249996570816	-0.11836639046669
121.249996570816	10	121.499996563746	1	121.499996563746	2.16683220863342	121.499996563746	-1.16683220863342
121.499996563746	8	121.749996556675	7	121.749996556675	2.16628193855286	121.749996556675	1.82697367668152
121.749996556675	13	121.999996549605	4	121.999996549605	2.16574215888977	121.999996549605	0.917128920555115
121.999996549605	8	122.249996542534	1	122.249996542534	2.16521143913269	122.249996542534	-1.16521143913269
122.249996542534	9	122.499996535464	3	122.499996535464	2.16469478607178	122.499996535464	0.482263684272766
122.499996535464	9	122.749996528393	4	122.749996528393	2.16418242454529	122.749996528393	0.917908787727356
122.749996528393	7	122.999996521323	2	122.999996521323	2.16368579864502	122.999996521323	-0.115743339061737
122.999996521323	9	123.249996514252	5	123.249996514252	2.16319537162781	123.249996514252	1.26865756511688
123.249996514252	9	123.499996507182	6	123.499996507182	2.1627151966095	123.499996507182	1.56656491756439
123.499996507182	9	123.749996500111	1	123.749996500111	2.16224384307861	123.749996500111	-1.16224384307861
123.749996500111	9	123.999996493041	2	123.999996493041	2.16178345680237	123.999996493041	-0.114398181438446
123.999996493041	17	124.24999648597	4	124.24999648597	2.16133141517639	124.24999648597	0.919334292411804
124.24999648597	8	124.4999964789	2	124.4999964789	2.16088795661926	124.4999964789	-0.113764964044094
124.4999964789	17	124.749996471829	7	124.749996471829	2.16045355796814	124.749996471829	1.82917666435242
124.749996471829	10	124.999996464759	3	124.999996464759	2.16002798080444	124.999996464759	0.484958082437515
124.999996464759	8	125.249996457688	5	125.249996457688	2.15961027145386	125.249996457688	1.27026093006134
125.249996457688	13	125.499996450618	6	125.499996450618	2.15920066833496	125.499996450618	1.56799972057343
125.499996450618	11	125.749996443547	1	125.749996443547	2.15879917144775	125.749996443547	-1.15879917144775
125.749996443547	4	125.999996436477	4	125.999996436477	2.15840554237366	125.999996436477	0.920797228813171
125.999996436477	13	126.249996429407	1	126.249996429407	2.15801978111267	126.249996429407	-1.15801978111267
126.249996429407	14	126.499996422336	1	126.499996422336	2.15764141082764	126.499996422336	-1.15764141082764
126.499996422336	9	126.749996415266	1	126.749996415266	2.15727043151855	126.749996415266	-1.15727043151855
126.749996415266	10	126.999996408195	3	126.999996408195	2.15690684318542	126.999996408195	0.486760050058365
126.999996408195	12	127.249996401125	1	127.249996401125	2.15655016899109	127.249996401125	-1.15655016899109
127.249996401125	7	127.499996394054	2	127.499996394054	2.15620064735413	127.499996394054	-0.11045053601265
127.499996394054	13	127.749996386984	1	127.749996386984	2.15585780143738	127.749996386984	-1.15585780143738
127.749996386984	11	127.999996379913	4	127.999996379913	2.15552186965942	127.999996379913	0.922239065170288
127.999996379913	7	128.249996372843	6	128.249996372843	2.15519213676453	128.249996372843	1.56963622570038
128.249996372843	15	128.499996365772	2	128.499996365772	2.15487003326416	128.499996365772	-0.109509654343128
128.499996365772	10	128.749996358702	2	128.749996358702	2.15455293655396	128.749996358702	-0.109285429120064
128.749996358702	8	128.999996351631	6	128.999996351631	2.15424299240112	128.999996351631	1.57002377510071
128.999996351631	8	129.249996344561	5	129.249996344561	2.15393781661987	129.249996344561	1.27279770374298
129.249996344561	11	129.49999633749	3	129.49999633749	2.15363931655884	129.49999633749	0.488646566867828
129.49999633749	6	129.74999633042	0	129.74999633042	2.15334630012512	129.74999633042	-2.15334630012512
129.74999633042	11	129.999996323349	2	129.999996323349	2.15306043624878	129.999996323349	-0.108230069279671
129.999996323349	7	130.249996316279	3	130.249996316279	2.15277862548828	130.249996316279	0.489143490791321
130.249996316279	14	130.499996309208	0	130.499996309208	2.15250325202942	130.499996309208	-2.15250325202942
130.499996309208	13	130.749996302138	3	130.749996302138	2.1522331237793	130.749996302138	0.489458441734314
130.749996302138	7	130.999996295067	2	130.999996295067	2.15196752548218	130.999996295067	-0.107457265257835
130.999996295067	10	131.249996287997	2	131.249996287997	2.15170907974243	131.249996287997	-0.107274517416954
131.249996287997	7	131.499996280926	7	131.499996280926	2.15145421028137	131.499996280926	1.83257806301117
131.499996280926	6	131.749996273856	1	131.749996273856	2.15120434761047	131.749996273856	-1.15120434761047
131.749996273856	13	131.999996266785	3	131.999996266785	2.15095949172974	131.999996266785	0.490193754434586
131.999996266785	9	132.249996259715	3	132.249996259715	2.15071868896484	132.249996259715	0.490332782268524
132.249996259715	8	132.499996252644	7	132.499996252644	2.15048408508301	132.499996252644	1.83294475078583
132.499996252644	13	132.749996245574	2	132.749996245574	2.15025353431702	132.749996245574	-0.106245294213295
132.749996245574	6	132.999996238503	2	132.999996238503	2.15002703666687	132.999996238503	-0.106085136532784
132.999996238503	9	133.249996231433	1	133.249996231433	2.14980554580688	133.249996231433	-1.14980554580688
133.249996231433	9	133.499996224363	3	133.499996224363	2.14958763122559	133.499996224363	0.490985810756683
133.499996224363	11	133.749996217292	1	133.749996217292	2.14937448501587	133.749996217292	-1.14937448501587
133.749996217292	13	133.999996210222	3	133.999996210222	2.149165391922	133.999996210222	0.491229593753815
133.999996210222	13	134.249996203151	2	134.249996203151	2.14896059036255	134.249996203151	-0.105331040918827
134.249996203151	13	134.499996196081	2	134.499996196081	2.14875960350037	134.499996196081	-0.105188921093941
134.499996196081	15	134.74999618901	3	134.74999618901	2.14856266975403	134.74999618901	0.491577565670013
134.74999618901	15	134.99999618194	3	134.99999618194	2.14836978912354	134.99999618194	0.491688936948776
134.99999618194	13	135.249996174869	4	135.249996174869	2.14818048477173	135.249996174869	0.925909757614136
135.249996174869	12	135.499996167799	1	135.499996167799	2.14799475669861	135.499996167799	-1.14799475669861
135.499996167799	10	135.749996160728	1	135.749996160728	2.14781284332275	135.749996160728	-1.14781284332275
135.749996160728	12	135.999996153658	2	135.999996153658	2.14763450622559	135.999996153658	-0.104393362998962
135.999996153658	13	136.249996146587	1	136.249996146587	2.14745950698853	136.249996146587	-1.14745950698853
136.249996146587	15	136.499996139517	2	136.499996139517	2.14728808403015	136.499996139517	-0.104148402810097
136.499996139517	15	136.749996132446	1	136.749996132446	2.14712023735046	136.749996132446	-1.14712023735046
136.749996132446	13	136.999996125376	1	136.999996125376	2.14695525169373	136.999996125376	-1.14695525169373
136.999996125376	9	137.249996118305	3	137.249996118305	2.14679360389709	137.249996118305	0.492598950862885
137.249996118305	7	137.499996111235	4	137.499996111235	2.14663505554199	137.499996111235	0.926682472229004
137.499996111235	12	137.749996104164	2	137.749996104164	2.146479845047	137.749996104164	-0.103576891124248
137.749996104164	7	137.999996097094	6	137.999996097094	2.14632797241211	137.999996097094	1.57325506210327
137.999996097094	5	138.249996090023	3	138.249996090023	2.14617848396301	138.249996090023	0.492954075336456
138.249996090023	13	138.499996082953	1	138.499996082953	2.14603209495544	138.499996082953	-1.14603209495544
138.499996082953	11	138.749996075882	3	138.749996075882	2.14588832855225	138.749996075882	0.493121594190598
138.749996075882	7	138.999996068812	1	138.999996068812	2.14574813842773	138.999996068812	-1.14574813842773
138.999996068812	9	139.249996061741	3	139.249996061741	2.14560961723328	139.249996061741	0.493282526731491
139.249996061741	11	139.499996054671	3	139.499996054671	2.14547443389893	139.499996054671	0.493360579013824
139.499996054671	8	139.7499960476	2	139.7499960476	2.14534258842468	139.7499960476	-0.102772727608681
139.7499960476	10	139.99999604053	2	139.99999604053	2.14521217346191	139.99999604053	-0.102680511772633
139.99999604053	16	140.249996033459	0	140.249996033459	2.14508461952209	140.249996033459	-2.14508461952209
140.249996033459	15	140.499996026389	1	140.499996026389	2.14495944976807	140.499996026389	-1.14495944976807
140.499996026389	10	140.749996019319	5	140.749996019319	2.14483714103699	140.749996019319	1.27686762809753
140.749996019319	7	140.999996012248	3	140.999996012248	2.1447172164917	140.999996012248	0.49379774928093
140.999996012248	10	141.249996005178	4	141.249996005178	2.14459919929504	141.249996005178	0.927700400352478
141.249996005178	13	141.499995998107	4	141.499995998107	2.14448404312134	141.499995998107	0.927757978439331
141.499995998107	12	141.749995991037	2	141.749995991037	2.14437055587769	141.749995991037	-0.102085396647453
141.749995991037	14	141.999995983966	7	141.999995983966	2.1442596912384	141.999995983966	1.83529734611511
141.999995983966	11	142.249995976896	5	142.249995976896	2.14415097236633	142.249995976896	1.27717447280884
142.249995976896	6	142.499995969825	4	142.499995969825	2.1440441608429	142.499995969825	0.927977919578552
142.499995969825	7	142.749995962755	2	142.749995962755	2.14393973350525	142.749995962755	-0.101780764758587
142.749995962755	15	142.999995955684	1	142.999995955684	2.14383721351624	142.999995955684	-1.14383721351624
142.999995955684	10	143.249995948614	3	143.249995948614	2.14373660087585	143.249995948614	0.494363903999329
143.249995948614	15	143.499995941543	2	143.499995941543	2.14363813400269	143.499995941543	-0.101567499339581
143.499995941543	11	143.749995934473	2	143.749995934473	2.14354133605957	143.749995934473	-0.101499050855637
143.749995934473	8	143.999995927402	13	143.999995927402	2.14344692230225	143.999995927402	3.01106595993042
143.999995927402	12	144.249995920332	8	144.249995920332	2.1433539390564	144.249995920332	2.07063698768616
144.249995920332	19	144.499995913261	4	144.499995913261	2.14326286315918	144.499995913261	0.92836856842041
144.499995913261	12	144.749995906191	2	144.749995906191	2.1431736946106	144.749995906191	-0.101239092648029
144.749995906191	11	144.99999589912	0	144.99999589912	2.14308619499207	144.99999589912	-2.14308619499207
144.99999589912	10	145.24999589205	1	145.24999589205	2.14300036430359	145.24999589205	-1.14300036430359
145.24999589205	11	145.499995884979	8	145.499995884979	2.14291620254517	145.499995884979	2.07079172134399
145.499995884979	17	145.749995877909	4	145.749995877909	2.1428337097168	145.749995877909	0.928583145141602
145.749995877909	13	145.999995870838	2	145.999995870838	2.14275288581848	145.999995870838	-0.100941531360149
145.999995870838	14	146.249995863768	3	146.249995863768	2.14267349243164	146.249995863768	0.494977682828903
146.249995863768	11	146.499995856697	3	146.499995856697	2.14259600639343	146.499995856697	0.495022416114807
146.499995856697	12	146.749995849627	3	146.749995849627	2.14251971244812	146.749995849627	0.495066463947296
146.749995849627	6	146.999995842557	3	146.999995842557	2.14244508743286	146.999995842557	0.495109558105469
146.999995842557	11	147.249995835486	3	147.249995835486	2.14237189292908	147.249995835486	0.495151817798615
147.249995835486	17	147.499995828416	3	147.499995828416	2.14229989051819	147.499995828416	0.495193392038345
147.499995828416	15	147.749995821345	1	147.749995821345	2.14222979545593	147.749995821345	-1.14222979545593
147.749995821345	10	147.999995814275	3	147.999995814275	2.14216089248657	147.999995814275	0.495273649692535
147.999995814275	16	148.249995807204	1	148.249995807204	2.14209318161011	148.249995807204	-1.14209318161011
148.249995807204	11	148.499995800134	4	148.499995800134	2.14202666282654	148.499995800134	0.928986668586731
148.499995800134	10	148.749995793063	2	148.749995793063	2.14196157455444	148.749995793063	-0.10038199275732
148.749995793063	11	148.999995785993	2	148.999995785993	2.14189791679382	148.999995785993	-0.100336976349354
148.999995785993	15	149.249995778922	4	149.249995778922	2.14183521270752	149.249995778922	0.92908239364624
149.249995778922	10	149.499995771852	2	149.499995771852	2.14177393913269	149.499995771852	-0.10024931281805
149.499995771852	7	149.749995764781	3	149.749995764781	2.14171385765076	149.749995764781	0.495531737804413
149.749995764781	11	149.999995757711	1	149.999995757711	2.14165496826172	149.999995757711	-1.14165496826172
149.999995757711	16	150.24999575064	5	150.24999575064	2.14159727096558	150.24999575064	1.27831661701202
150.24999575064	5	150.49999574357	7	150.49999574357	2.14154052734375	150.49999574357	1.83632504940033
150.49999574357	7	150.749995736499	4	150.749995736499	2.14148497581482	150.749995736499	0.92925751209259
150.749995736499	12	150.999995729429	5	150.999995729429	2.14143061637878	150.999995729429	1.27839112281799
150.999995729429	16	151.249995722358	6	151.249995722358	2.14137744903564	151.249995722358	1.57527601718903
151.249995722358	9	151.499995715288	4	151.499995715288	2.14132499694824	151.499995715288	0.929337501525879
151.499995715288	11	151.749995708217	3	151.749995708217	2.14127373695374	151.749995708217	0.49578583240509
151.749995708217	13	151.999995701147	0	151.999995701147	2.14122343063354	151.999995701147	-2.14122343063354
151.999995701147	12	152.249995694076	5	152.249995694076	2.14117407798767	152.249995694076	1.27850580215454
152.249995694076	12	152.499995687006	2	152.499995687006	2.14112567901611	152.499995687006	-0.0997909232974052
152.499995687006	14	152.749995679935	2	152.749995679935	2.14107823371887	152.749995679935	-0.0997573733329773
152.749995679935	10	152.999995672865	5	152.999995672865	2.14103198051453	152.999995672865	1.27856934070587
152.999995672865	12	153.249995665794	0	153.249995665794	2.14098644256592	153.249995665794	-2.14098644256592
153.249995665794	12	153.499995658724	1	153.499995658724	2.14094161987305	153.499995658724	-1.14094161987305
153.499995658724	8	153.749995651653	2	153.749995651653	2.14089798927307	153.749995651653	-0.0996299237012863
153.749995651653	11	153.999995644583	3	153.999995644583	2.14085507392883	153.999995644583	0.496027559041977
153.999995644583	13	154.249995637513	1	154.249995637513	2.14081287384033	154.249995637513	-1.14081287384033
154.249995637513	8	154.499995630442	2	154.499995630442	2.14077162742615	154.499995630442	-0.0995405688881874
154.499995630442	11	154.749995623372	4	154.749995623372	2.1407310962677	154.749995623372	0.92963445186615
154.749995623372	9	154.999995616301	1	154.999995616301	2.14069151878357	154.999995616301	-1.14069151878357
154.999995616301	9	155.249995609231	5	155.249995609231	2.14065265655518	155.249995609231	1.2787389755249
155.249995609231	12	155.49999560216	2	155.49999560216	2.14061450958252	155.49999560216	-0.0994294732809067
155.49999560216	11	155.74999559509	1	155.74999559509	2.1405770778656	155.74999559509	-1.1405770778656
155.74999559509	10	155.999995588019	1	155.999995588019	2.14054036140442	155.999995588019	-1.14054036140442
155.999995588019	11	156.249995580949	2	156.249995580949	2.14050459861755	156.249995580949	-0.0993517562747002
156.249995580949	10	156.499995573878	3	156.499995573878	2.14046931266785	156.499995573878	0.49625027179718
156.499995573878	5	156.749995566808	2	156.749995566808	2.14043498039246	156.749995566808	-0.0993025302886963
156.749995566808	13	156.999995559737	7	156.999995559737	2.14040112495422	156.999995559737	1.83675575256348
156.999995559737	10	157.249995552667	5	157.249995552667	2.14036774635315	157.249995552667	1.27886641025543
157.249995552667	7	157.499995545596	5	157.499995545596	2.14033508300781	157.499995545596	1.27888107299805
157.499995545596	12	157.749995538526	3	157.749995538526	2.14030337333679	157.749995538526	0.496346086263657
157.749995538526	9	157.999995531455	3	157.999995531455	2.14027190208435	157.999995531455	0.496364235877991
157.999995531455	13	158.249995524385	4	158.249995524385	2.14024138450623	158.249995524385	0.929879307746887
158.249995524385	7	158.499995517314	6	158.499995517314	2.14021134376526	158.499995517314	1.57575213909149
158.499995517314	11	158.749995510244	3	158.749995510244	2.14018177986145	158.749995510244	0.49641627073288
158.749995510244	12	158.999995503173	2	158.999995503173	2.14015293121338	158.999995503173	-0.0991030856966972
158.999995503173	11	159.249995496103	2	159.249995496103	2.14012455940247	159.249995496103	-0.0990830287337303
159.249995496103	8	159.499995489032	2	159.499995489032	2.14009690284729	159.499995489032	-0.0990634709596634
159.499995489032	1	159.749995481962	1	159.749995481962	2.14006948471069	159.749995481962	-1.14006948471069
159.749995481962	13	159.999995474891	1	159.999995474891	2.14004278182983	159.999995474891	-1.14004278182983
159.999995474891	13	160.249995467821	1	160.249995467821	2.14001679420471	160.249995467821	-1.14001679420471
160.249995467821	5	160.49999546075	1	160.49999546075	2.13999104499817	160.49999546075	-1.13999104499817
160.49999546075	11	160.74999545368	4	160.74999545368	2.13996601104736	160.74999545368	0.930016994476318
160.74999545368	6	160.99999544661	2	160.99999544661	2.13994121551514	160.99999544661	-0.0989533811807632
160.99999544661	10	161.249995439539	5	161.249995439539	2.13991713523865	161.249995439539	1.27906799316406
161.249995439539	11	161.499995432469	3	161.499995432469	2.13989329338074	161.499995432469	0.496582835912704
161.499995432469	12	161.749995425398	1	161.749995425398	2.13987016677856	161.749995425398	-1.13987016677856
161.749995425398	8	161.999995418328	5	161.999995418328	2.13984727859497	161.999995418328	1.27909922599792
161.999995418328	12	162.249995411257	4	162.249995411257	2.13982486724854	162.249995411257	0.930087566375732
162.249995411257	10	162.499995404187	6	162.499995404187	2.13980293273926	162.499995404187	1.57591891288757
162.499995404187	11	162.749995397116	4	162.749995397116	2.13978147506714	162.749995397116	0.930109262466431
162.749995397116	11	162.999995390046	5	162.999995390046	2.13976049423218	162.999995390046	1.27913796901703
162.999995390046	9	163.249995382975	4	163.249995382975	2.1397397518158	163.249995382975	0.930130124092102
163.249995382975	16	163.499995375905	1	163.499995375905	2.13971972465515	163.499995375905	-1.13971972465515
163.499995375905	15	163.749995368834	7	163.749995368834	2.13969969749451	163.749995368834	1.83702087402344
163.749995368834	13	163.999995361764	4	163.999995361764	2.1396803855896	163.999995361764	0.9301598072052
163.999995361764	11	164.249995354693	4	164.249995354693	2.13966131210327	164.249995354693	0.930169343948364
164.249995354693	10	164.499995347623	5	164.499995347623	2.13964247703552	164.499995347623	1.2791907787323
164.499995347623	14	164.749995340552	2	164.749995340552	2.13962411880493	164.749995340552	-0.0987291634082794
164.749995340552	12	164.999995333482	7	164.999995333482	2.1396062374115	164.999995333482	1.83705615997314
164.999995333482	7	165.249995326411	5	165.249995326411	2.13958859443665	165.249995326411	1.27921485900879
165.249995326411	10	165.499995319341	0	165.499995319341	2.13957142829895	165.499995319341	-2.13957142829895
165.499995319341	11	165.74999531227	3	165.74999531227	2.13955450057983	165.74999531227	0.496778428554535
165.74999531227	12	165.9999953052	4	165.9999953052	2.1395378112793	165.9999953052	0.930231094360352
165.9999953052	17	166.249995298129	2	166.249995298129	2.13952136039734	166.249995298129	-0.0986564978957176
166.249995298129	9	166.499995291059	2	166.499995291059	2.13950562477112	166.499995291059	-0.0986453741788864
166.499995291059	15	166.749995283988	2	166.749995283988	2.1394898891449	166.749995283988	-0.0986342430114746
166.749995283988	8	166.999995276918	3	166.999995276918	2.13947463035583	166.999995276918	0.496824562549591
166.999995276918	13	167.249995269847	4	167.249995269847	2.13945960998535	167.249995269847	0.930270195007324
167.249995269847	13	167.499995262777	3	167.499995262777	2.13944482803345	167.499995262777	0.496841758489609
167.499995262777	13	167.749995255706	0	167.749995255706	2.13943028450012	167.749995255706	-2.13943028450012
167.749995255706	8	167.999995248636	6	167.999995248636	2.13941621780396	167.999995248636	1.57607674598694
167.999995248636	12	168.249995241566	3	168.249995241566	2.13940215110779	168.249995241566	0.496866405010223
168.249995241566	8	168.499995234495	3	168.499995234495	2.13938856124878	168.499995234495	0.496874243021011
168.499995234495	8	168.749995227425	4	168.749995227425	2.13937520980835	168.749995227425	0.930312395095825
168.749995227425	15	168.999995220354	1	168.999995220354	2.1393620967865	168.999995220354	-1.1393620967865
168.999995220354	8	169.249995213284	5	169.249995213284	2.13934922218323	169.249995213284	1.27932190895081
169.249995213284	7	169.499995206213	1	169.499995206213	2.13933682441711	169.499995206213	-1.13933682441711
169.499995206213	9	169.749995199143	2	169.749995199143	2.139324426651	169.749995199143	-0.0985172465443611
169.749995199143	12	169.999995192072	3	169.999995192072	2.13931226730347	169.999995192072	0.4969182908535
169.999995192072	16	170.249995185002	2	170.249995185002	2.13930034637451	170.249995185002	-0.0985002219676971
170.249995185002	9	170.499995177931	5	170.499995177931	2.13928866386414	170.499995177931	1.27934896945953
170.499995177931	7	170.749995170861	7	170.749995170861	2.13927745819092	170.749995170861	1.83718037605286
170.749995170861	16	170.99999516379	2	170.99999516379	2.1392662525177	170.99999516379	-0.0984761118888855
170.99999516379	13	171.24999515672	2	171.24999515672	2.13925528526306	171.24999515672	-0.0984683558344841
171.24999515672	7	171.499995149649	5	171.499995149649	2.139244556427	171.499995149649	1.2793687582016
171.499995149649	13	171.749995142579	3	171.749995142579	2.13923406600952	171.749995142579	0.496963441371918
171.749995142579	7	171.999995135508	2	171.999995135508	2.13922357559204	171.999995135508	-0.098445937037468
171.999995135508	15	172.249995128438	1	172.249995128438	2.13921356201172	172.249995128438	-1.13921356201172
172.249995128438	14	172.499995121367	6	172.499995121367	2.1392035484314	172.499995121367	1.57616353034973
172.499995121367	12	172.749995114297	8	172.749995114297	2.13919377326965	172.749995114297	2.07210803031921
172.749995114297	13	172.999995107226	3	172.999995107226	2.13918423652649	172.999995107226	0.496992200613022
172.999995107226	9	173.249995100156	5	173.249995100156	2.1391749382019	173.249995100156	1.27939987182617
173.249995100156	11	173.499995093085	6	173.499995093085	2.1391658782959	173.499995093085	1.57617890834808
173.499995093085	12	173.749995086015	3	173.749995086015	2.13915681838989	173.749995086015	0.497008055448532
173.749995086015	12	173.999995078944	4	173.999995078944	2.13914799690247	173.999995078944	0.930426001548767
173.999995078944	13	174.249995071874	0	174.249995071874	2.13913941383362	174.249995071874	-2.13913941383362
174.249995071874	13	174.499995064803	7	174.499995064803	2.13913083076477	174.499995064803	1.8372358083725
174.499995064803	16	174.749995057733	3	174.749995057733	2.1391224861145	174.749995057733	0.49702787399292
174.749995057733	8	174.999995050662	7	174.999995050662	2.13911437988281	174.999995050662	1.83724212646484
174.999995050662	13	175.249995043592	1	175.249995043592	2.13910627365112	175.249995043592	-1.13910627365112
175.249995043592	5	175.499995036522	1	175.499995036522	2.13909864425659	175.499995036522	-1.13909864425659
175.499995036522	13	175.749995029451	2	175.749995029451	2.13909077644348	175.749995029451	-0.0983520299196243
175.749995029451	9	175.999995022381	1	175.999995022381	2.13908338546753	175.999995022381	-1.13908338546753
175.999995022381	12	176.24999501531	4	176.24999501531	2.13907599449158	176.24999501531	0.930462002754211
176.24999501531	9	176.49999500824	0	176.49999500824	2.1390688419342	176.49999500824	-2.1390688419342
176.49999500824	6	176.749995001169	2	176.749995001169	2.13906168937683	176.749995001169	-0.0983314663171768
176.749995001169	11	176.999994994099	4	176.999994994099	2.13905477523804	176.999994994099	0.930472612380982
176.999994994099	9	177.249994987028	2	177.249994987028	2.13904786109924	177.249994987028	-0.0983216837048531
177.249994987028	14	177.499994979958	2	177.499994979958	2.13904118537903	177.499994979958	-0.0983169674873352
177.499994979958	19	177.749994972887	3	177.749994972887	2.13903474807739	177.749994972887	0.497078508138657
177.749994972887	10	177.999994965817	2	177.999994965817	2.13902831077576	177.999994965817	-0.0983078628778458
177.999994965817	13	178.249994958746	2	178.249994958746	2.13902187347412	178.249994958746	-0.098303310573101
178.249994958746	6	178.499994951676	4	178.499994951676	2.13901567459106	178.499994951676	0.930492162704468
178.499994951676	4	178.749994944605	3	178.749994944605	2.13900971412659	178.749994944605	0.497092962265015
178.749994944605	13	178.999994937535	9	178.999994937535	2.13900375366211	178.999994937535	2.2869987487793
178.999994937535	7	179.249994930464	2	179.249994930464	2.13899803161621	179.249994930464	-0.0982864499092102
179.249994930464	9	179.499994923394	3	179.499994923394	2.13899230957031	179.499994923394	0.497103035449982
179.499994923394	14	179.749994916323	1	179.749994916323	2.13898658752441	179.749994916323	-1.13898658752441
179.749994916323	12	179.999994909253	3	179.999994909253	2.13898110389709	179.999994909253	0.49710950255394
179.999994909253	8	180.249994902182	3	180.249994902182	2.13897585868835	180.249994902182	0.497112512588501
180.249994902182	14	180.499994895112	5	180.499994895112	2.13897061347961	180.499994895112	1.27949118614197
180.499994895112	9	180.749994888041	1	180.749994888041	2.13896536827087	180.749994888041	-1.13896536827087
180.749994888041	14	180.999994880971	7	180.999994880971	2.13896036148071	180.999994880971	1.83730030059814
180.999994880971	13	181.2499948739	5	181.2499948739	2.13895535469055	181.2499948739	1.27949810028076
181.2499948739	8	181.49999486683	2	181.49999486683	2.13895034790039	181.49999486683	-0.0982527360320091
181.49999486683	16	181.749994859759	3	181.749994859759	2.13894557952881	181.749994859759	0.497130006551743
181.749994859759	10	181.999994852689	7	181.999994852689	2.13894104957581	181.999994852689	1.83730757236481
181.999994852689	13	182.249994845619	4	182.249994845619	2.13893628120422	182.249994845619	0.930531859397888
182.249994845619	9	182.499994838548	3	182.499994838548	2.1389319896698	182.499994838548	0.49713784456253
182.499994838548	11	182.749994831478	2	182.749994831478	2.1389274597168	182.749994831478	-0.098236545920372
182.749994831478	11	182.999994824407	2	182.999994824407	2.13892316818237	182.999994824407	-0.0982335135340691
182.999994824407	13	183.249994817337	4	183.249994817337	2.13891887664795	183.249994817337	0.930540561676025
183.249994817337	12	183.499994810266	1	183.499994810266	2.1389148235321	183.499994810266	-1.1389148235321
183.499994810266	13	183.749994803196	3	183.749994803196	2.13891077041626	183.749994803196	0.497150093317032
183.749994803196	10	183.999994796125	2	183.999994796125	2.13890671730042	183.999994796125	-0.0982218831777573
183.999994796125	15	184.249994789055	2	184.249994789055	2.13890266418457	184.249994789055	-0.0982190147042274
184.249994789055	12	184.499994781984	4	184.499994781984	2.1388988494873	184.499994781984	0.930550575256348
184.499994781984	10	184.749994774914	3	184.749994774914	2.13889503479004	184.749994774914	0.49715918302536
184.749994774914	14	184.999994767843	4	184.999994767843	2.13889145851135	184.999994767843	0.930554270744324
184.999994767843	14	185.249994760773	6	185.249994760773	2.13888788223267	185.249994760773	1.57629239559174
185.249994760773	12	185.499994753702	1	185.499994753702	2.13888430595398	185.499994753702	-1.13888430595398
185.499994753702	11	185.749994746632	2	185.749994746632	2.13888072967529	185.749994746632	-0.0982035025954247
185.749994746632	6	185.999994739561	2	185.999994739561	2.13887739181519	185.999994739561	-0.098201148211956
185.999994739561	17	186.249994732491	3	186.249994732491	2.13887405395508	186.249994732491	0.49717128276825
186.249994732491	13	186.49999472542	2	186.49999472542	2.13887071609497	186.49999472542	-0.0981964245438576
186.49999472542	10	186.74999471835	6	186.74999471835	2.13886761665344	186.74999471835	1.576300740242
186.74999471835	14	186.999994711279	5	186.999994711279	2.13886451721191	186.999994711279	1.27953863143921
186.999994711279	13	187.249994704209	6	187.249994704209	2.13886141777039	187.249994704209	1.57630324363709
187.249994704209	8	187.499994697138	1	187.499994697138	2.13885831832886	187.499994697138	-1.13885831832886
187.499994697138	13	187.749994690068	4	187.749994690068	2.13885521888733	187.749994690068	0.930572390556335
187.749994690068	8	187.999994682997	0	187.999994682997	2.13885235786438	187.999994682997	-2.13885235786438
187.999994682997	9	188.249994675927	0	188.249994675927	2.13884949684143	188.249994675927	-2.13884949684143
188.249994675927	10	188.499994668856	2	188.499994668856	2.13884663581848	188.499994668856	-0.0981793999671936
188.499994668856	13	188.749994661786	1	188.749994661786	2.13884401321411	188.749994661786	-1.13884401321411
188.749994661786	15	188.999994654715	3	188.999994654715	2.13884139060974	188.999994654715	0.497190147638321
188.999994654715	13	189.249994647645	2	189.249994647645	2.13883876800537	189.249994647645	-0.0981738343834877
189.249994647645	14	189.499994640575	4	189.499994640575	2.138836145401	189.499994640575	0.9305819272995
189.499994640575	12	189.749994633504	2	189.749994633504	2.13883352279663	189.749994633504	-0.0981701239943504
189.749994633504	9	189.999994626434	0	189.999994626434	2.13883113861084	189.999994626434	-2.13883113861084
189.999994626434	11	190.249994619363	5	190.249994619363	2.13882875442505	190.249994619363	1.2795547246933
190.249994619363	9	190.499994612293	3	190.499994612293	2.13882613182068	190.499994612293	0.497198969125748
190.499994612293	16	190.749994605222	2	190.749994605222	2.13882398605347	190.749994605222	-0.0981633812189102
190.749994605222	16	190.999994598152	3	190.999994598152	2.13882160186768	190.999994598152	0.497201591730118
190.999994598152	11	191.249994591081	1	191.249994591081	2.13881945610046	191.249994591081	-1.13881945610046
191.249994591081	8	191.499994584011	2	191.499994584011	2.13881707191467	191.499994584011	-0.0981584936380386
191.499994584011	12	191.74999457694	3	191.74999457694	2.13881492614746	191.74999457694	0.497205436229706
191.74999457694	9	191.99999456987	1	191.99999456987	2.13881278038025	191.99999456987	-1.13881278038025
191.99999456987	5	192.249994562799	3	192.249994562799	2.13881087303162	192.249994562799	0.497207760810852
192.249994562799	15	192.499994555729	5	192.499994555729	2.1388087272644	192.499994555729	1.27956366539001
192.499994555729	12	192.749994548658	2	192.749994548658	2.13880681991577	192.749994548658	-0.0981512442231178
192.749994548658	10	192.999994541588	3	192.999994541588	2.13880467414856	192.999994541588	0.497211366891861
192.999994541588	18	193.249994534517	4	193.249994534517	2.13880276679993	193.249994534517	0.930598616600037
193.249994534517	3	193.499994527447	6	193.499994527447	2.13880109786987	193.499994527447	1.57632780075073
193.499994527447	14	193.749994520376	2	193.749994520376	2.13879919052124	193.749994520376	-0.0981458500027657
193.749994520376	15	193.999994513306	3	193.999994513306	2.13879728317261	193.999994513306	0.497215628623962
193.999994513306	15	194.249994506235	5	194.249994506235	2.13879561424255	194.249994506235	1.2795695066452
194.249994506235	9	194.499994499165	4	194.499994499165	2.13879370689392	194.499994499165	0.930603146553039
194.499994499165	14	194.749994492094	5	194.749994492094	2.13879203796387	194.749994492094	1.27957105636597
194.749994492094	9	194.999994485024	2	194.999994485024	2.13879036903381	194.999994485024	-0.098139613866806
194.999994485024	13	195.249994477953	6	195.249994477953	2.13878870010376	195.249994477953	1.57633292675018
195.249994477953	14	195.499994470883	5	195.499994470883	2.13878726959229	195.499994470883	1.27957320213318
195.499994470883	16	195.749994463812	4	195.749994463812	2.13878560066223	195.749994463812	0.930607199668884
195.749994463812	14	195.999994456742	3	195.999994456742	2.13878417015076	195.999994456742	0.497223198413849
195.999994456742	13	196.249994449672	4	196.249994449672	2.1387825012207	196.249994449672	0.930608749389648
196.249994449672	10	196.499994442601	3	196.499994442601	2.13878107070923	196.499994442601	0.497224986553192
196.499994442601	10	196.749994435531	5	196.749994435531	2.13877964019775	196.749994435531	1.27957665920258
196.749994435531	12	196.99999442846	7	196.99999442846	2.13877820968628	196.99999442846	1.83736908435822
196.99999442846	7	197.24999442139	10	197.24999442139	2.1387767791748	197.24999442139	2.48593711853027
197.24999442139	7	197.499994414319	4	197.499994414319	2.13877534866333	197.499994414319	0.930612325668335
197.499994414319	7	197.749994407249	8	197.749994407249	2.13877415657043	197.749994407249	2.07225632667542
197.749994407249	9	197.999994400178	7	197.999994400178	2.13877272605896	197.999994400178	1.83737123012543
197.999994400178	9	198.249994393108	4	198.249994393108	2.13877153396606	198.249994393108	0.930614233016968
198.249994393108	13	198.499994386037	3	198.499994386037	2.13877010345459	198.499994386037	0.497231304645538
198.499994386037	11	198.749994378967	3	198.749994378967	2.13876891136169	198.749994378967	0.497231990098953
198.749994378967	16	198.999994371896	5	198.999994371896	2.1387677192688	198.999994371896	1.27958202362061
198.999994371896	7	199.249994364826	1	199.249994364826	---	199.249994364826	---
199.249994364826	12	199.499994357755	4	199.499994357755	---	199.499994357755	---
199.499994357755	6	199.749994350685	1	199.749994350685	---	199.749994350685	---
