# Time (sec),Drain (A),Drain (V)
0.000,0.000284474,2.0
0.490,0.00030388,2.0
1.030,0.00031759,2.0
1.580,0.00032693,2.0
2.070,0.000333083,2.0
2.510,0.000337397,2.0
3.020,0.000341951,2.0
3.510,0.000345464,2.0
4.030,0.000348512,2.0
4.510,0.000351036,2.0
4.990,0.000353481,2.0
5.480,0.000355517,2.0
5.970,0.000357181,2.0
6.490,0.000358692,2.0
7.010,0.000360044,2.0
7.550,0.000361559,2.0
8.030,0.0003627,2.0
8.509,0.00036355,2.0
9.029,0.000364605,2.0
9.519,0.000365424,2.0
10.019,0.000366261,2.0
10.559,0.000366958,2.0
10.989,0.000367328,2.0
11.429,0.000367799,2.0
11.889,0.000368388,2.0
12.339,0.000368761,2.0
12.779,0.0003693,2.0
13.269,0.000369438,2.0
13.669,0.000369916,2.0
14.139,0.000370262,2.0
14.599,0.00037048,2.0
15.059,0.000370898,2.0
15.539,0.000371011,2.0
16.019,0.00037137,2.0
16.499,0.000371429,2.0
16.959,0.000371912,2.0
17.439,0.000372068,2.0
17.909,0.000372376,2.0
18.379,0.000372626,2.0
18.739,0.000372838,2.0
19.139,0.000372934,2.0
19.549,0.000373088,2.0
19.969,0.000373129,2.0
20.389,0.000373279,2.0
20.789,0.00037336,2.0
21.199,0.000373429,2.0
21.629,0.00037343,2.0
22.059,0.000373799,2.0
22.469,0.000374105,2.0
22.889,0.00037428,2.0
23.329,0.000374261,2.0
23.779,0.000374258,2.0
24.239,0.000374418,2.0
24.689,0.000374397,2.0
25.138,0.00037466,2.0
25.588,0.000374807,2.0
26.028,0.000374773,2.0
26.498,0.000374806,2.0
27.078,0.000374889,2.0
27.528,0.00037515,2.0
27.988,0.00037523,2.0
28.478,0.000375239,2.0
28.938,0.000375234,2.0
29.428,0.000375409,2.0
29.928,0.000375659,2.0
30.438,0.000375565,2.0
30.928,0.000375538,2.0
31.408,0.000375634,2.0
31.898,0.000375561,2.0
32.378,0.000375764,2.0
32.858,0.000375663,2.0
33.348,0.000375698,2.0
33.848,0.000375725,2.0
34.368,0.000375814,2.0
34.888,0.000375854,2.0
35.398,0.000375922,2.0
35.928,0.000375969,2.0
36.428,0.000375894,2.0
36.878,0.000376102,2.0
37.308,0.000376277,2.0
37.758,0.000376273,2.0
38.218,0.000375966,2.0
38.698,0.000376167,2.0
39.178,0.000376045,2.0
39.658,0.000376108,2.0
40.138,0.000376284,2.0
40.618,0.000376203,2.0
41.078,0.000376188,2.0
41.547,0.000376437,2.0
42.007,0.000376384,2.0
42.447,0.000376267,2.0
42.887,0.000376426,2.0
43.357,0.000376362,2.0
43.867,0.000376304,2.0
44.347,0.000376194,2.0
44.807,0.000376358,2.0
45.287,0.000376323,2.0
45.727,0.000376306,2.0
46.217,0.000376321,2.0
46.687,0.000376263,2.0
47.147,0.00037613,2.0
47.617,0.000376165,2.0
48.077,0.000376112,2.0
48.557,0.000376291,2.0
49.007,0.000376291,2.0
49.517,0.000376242,2.0
49.987,0.000376258,2.0
50.457,0.00037624,2.0
50.977,0.000376068,2.0
51.467,0.000376126,2.0
51.977,0.000376227,2.0
52.457,0.000376368,2.0
52.927,0.000376269,2.0
53.407,0.00037626,2.0
53.887,0.000376292,2.0
54.377,0.000376239,2.0
54.837,0.000376534,2.0
55.327,0.000376462,2.0
55.807,0.000376543,2.0
56.277,0.000376487,2.0
56.737,0.000376416,2.0
57.227,0.000376168,2.0
57.687,0.000376254,2.0
58.156,0.000376489,2.0
58.666,0.000376158,2.0
59.186,0.00037612,2.0
59.676,0.000376022,2.0
60.176,0.000375904,2.0
60.656,0.000376056,2.0
61.176,0.000376037,2.0
61.666,0.000376124,2.0
62.156,0.000375985,2.0
62.646,0.000376054,2.0
63.146,0.000376145,2.0
63.646,0.000375991,2.0
64.156,0.000376154,2.0
64.666,0.000376234,2.0
65.146,0.000376201,2.0
65.656,0.000376219,2.0
66.156,0.000376166,2.0
66.676,0.000376163,2.0
67.186,0.00037617,2.0
67.696,0.000376047,2.0
68.206,0.000376073,2.0
68.706,0.000376012,2.0
69.226,0.000375862,2.0
69.776,0.000375731,2.0
70.276,0.000376058,2.0
70.786,0.000375934,2.0
71.296,0.000376072,2.0
71.816,0.000376166,2.0
72.326,0.000376153,2.0
72.846,0.000375994,2.0
73.326,0.000375948,2.0
73.786,0.000376101,2.0
74.285,0.000376029,2.0
74.735,0.000375991,2.0
75.175,0.00037585,2.0
75.635,0.000376058,2.0
76.075,0.000375981,2.0
76.485,0.000375754,2.0
76.945,0.000375658,2.0
77.395,0.000375704,2.0
77.855,0.000376016,2.0
78.315,0.000375888,2.0
78.765,0.000375884,2.0
79.245,0.000375679,2.0
79.695,0.000375867,2.0
80.145,0.000375575,2.0
80.595,0.000375594,2.0
81.035,0.000375619,2.0
81.485,0.000375577,2.0
81.955,0.000375706,2.0
82.425,0.000375676,2.0
82.875,0.000375532,2.0
83.355,0.000375434,2.0
83.815,0.000375499,2.0
84.295,0.000375468,2.0
84.765,0.000375462,2.0
85.225,0.000375458,2.0
85.685,0.000375439,2.0
86.115,0.000375363,2.0
86.595,0.000375327,2.0
87.045,0.000375313,2.0
87.505,0.000375397,2.0
87.955,0.000375259,2.0
88.415,0.000375295,2.0
88.885,0.000375463,2.0
89.395,0.000375437,2.0
89.865,0.000375442,2.0
90.335,0.000375361,2.0
90.814,0.000375317,2.0
91.274,0.000375431,2.0
91.714,0.00037518,2.0
92.164,0.000375236,2.0
92.604,0.0003754,2.0
93.114,0.00037522,2.0
93.564,0.000375382,2.0
94.024,0.00037529,2.0
94.524,0.000375328,2.0
94.994,0.000375203,2.0
95.474,0.000375241,2.0
95.954,0.000374997,2.0
96.424,0.000375144,2.0
96.884,0.000375049,2.0
97.344,0.000375206,2.0
97.824,0.000375137,2.0
98.284,0.000375006,2.0
98.774,0.000375121,2.0
99.254,0.000375005,2.0
99.754,0.000374794,2.0
100.254,0.000374863,2.0
100.734,0.000374842,2.0
101.214,0.000374677,2.0
101.684,0.000374708,2.0
102.164,0.000374802,2.0
102.624,0.000374675,2.0
103.104,0.000374763,2.0
103.594,0.000374699,2.0
104.164,0.000374525,2.0
104.764,0.000374621,2.0
105.324,0.000374647,2.0
105.804,0.000374713,2.0
106.294,0.000374811,2.0
106.774,0.000374548,2.0
107.244,0.000374582,2.0
107.723,0.000374528,2.0
108.203,0.000374693,2.0
108.693,0.000374784,2.0
109.163,0.000374606,2.0
109.643,0.000374681,2.0
110.093,0.000374494,2.0
110.563,0.00037464,2.0
111.043,0.000374455,2.0
111.513,0.000374686,2.0
111.983,0.000374606,2.0
112.463,0.00037454,2.0
112.933,0.000374491,2.0
113.423,0.000374235,2.0
113.893,0.000374418,2.0
114.373,0.000374291,2.0
114.873,0.000374112,2.0
115.373,0.000374141,2.0
115.873,0.000374482,2.0
116.343,0.000374485,2.0
116.823,0.000374315,2.0
117.303,0.00037432,2.0
117.783,0.000373991,2.0
118.263,0.000374103,2.0
118.753,0.000374007,2.0
119.243,0.000374036,2.0
119.793,0.000374227,2.0
120.253,0.000373995,2.0
120.733,0.000374049,2.0
121.223,0.00037392,2.0
121.733,0.000374016,2.0
122.223,0.000373962,2.0
122.723,0.000373709,2.0
123.193,0.000373913,2.0
123.702,0.000373675,2.0
124.182,0.000373884,2.0
124.672,0.00037364,2.0
125.162,0.000373628,2.0
125.672,0.000373641,2.0
126.162,0.000373629,2.0
126.662,0.000373704,2.0
127.162,0.000373546,2.0
127.662,0.000373645,2.0
128.142,0.000373362,2.0
128.632,0.000373446,2.0
129.132,0.000373555,2.0
129.612,0.000373456,2.0
130.092,0.000373582,2.0
130.582,0.000373422,2.0
131.072,0.000373602,2.0
131.562,0.000373542,2.0
132.082,0.000373405,2.0
132.562,0.000373487,2.0
133.052,0.000373294,2.0
133.542,0.000373213,2.0
134.142,0.000373133,2.0
134.682,0.000373366,2.0
135.292,0.000373366,2.0
135.872,0.000373174,2.0
136.432,0.000373132,2.0
136.962,0.000373027,2.0
137.452,0.000372983,2.0
137.962,0.000373046,2.0
138.482,0.000372958,2.0
139.002,0.000372876,2.0
139.512,0.00037303,2.0
140.021,0.000372839,2.0
140.531,0.000372882,2.0
141.031,0.000373057,2.0
141.541,0.000372903,2.0
142.061,0.000372914,2.0
142.591,0.000372872,2.0
143.111,0.000372593,2.0
143.611,0.000372698,2.0
144.111,0.00037264,2.0
144.611,0.000372707,2.0
145.111,0.000372388,2.0
145.631,0.000372511,2.0
146.121,0.000372361,2.0
146.591,0.000372508,2.0
147.091,0.000372307,2.0
147.571,0.000372261,2.0
148.051,0.000372308,2.0
148.571,0.00037221,2.0
149.051,0.000372229,2.0
149.561,0.000372189,2.0
150.041,0.00037235,2.0
150.591,0.000372257,2.0
151.121,0.000372138,2.0
151.631,0.000372219,2.0
152.141,0.000371975,2.0
152.621,0.000372155,2.0
153.111,0.00037205,2.0
153.591,0.000372102,2.0
154.091,0.000372024,2.0
154.591,0.00037191,2.0
155.071,0.000371853,2.0
155.581,0.000371776,2.0
156.081,0.000371855,2.0
156.570,0.00037181,2.0
157.090,0.000371848,2.0
157.590,0.000371748,2.0
158.080,0.000371728,2.0
158.580,0.00037166,2.0
159.070,0.000371733,2.0
159.580,0.000371728,2.0
160.080,0.000371621,2.0
160.560,0.000371892,2.0
161.050,0.000371785,2.0
161.550,0.000371827,2.0
162.020,0.000371692,2.0
162.500,0.000371561,2.0
162.960,0.000371443,2.0
163.450,0.000371673,2.0
163.950,0.000371447,2.0
164.450,0.000371588,2.0
164.940,0.000371582,2.0
165.420,0.00037149,2.0
165.960,0.000371258,2.0
166.470,0.000371459,2.0
166.960,0.000371513,2.0
167.470,0.000371242,2.0
168.000,0.000371085,2.0
168.510,0.000371479,2.0
169.010,0.000371373,2.0
169.520,0.00037149,2.0
170.020,0.000371426,2.0
170.540,0.000371107,2.0
171.050,0.000371044,2.0
171.580,0.000371046,2.0
172.110,0.000371133,2.0
172.600,0.000371147,2.0
173.099,0.000371115,2.0
173.599,0.000371044,2.0
174.119,0.000371149,2.0
174.599,0.000371027,2.0
175.059,0.000371003,2.0
175.569,0.000371131,2.0
176.079,0.000371172,2.0
176.579,0.000370977,2.0
177.089,0.000370854,2.0
177.589,0.000370755,2.0
178.129,0.000370796,2.0
178.639,0.000370826,2.0
179.159,0.000370767,2.0
179.669,0.000370789,2.0
180.189,0.000370804,2.0
180.679,0.000370764,2.0
181.249,0.000370893,2.0
181.749,0.00037074,2.0
182.279,0.000370631,2.0
182.719,0.00037082,2.0
183.129,0.00037062,2.0
183.609,0.000370638,2.0
184.059,0.000370618,2.0
184.519,0.000370605,2.0
184.999,0.000370675,2.0
185.439,0.000370708,2.0
185.889,0.000370777,2.0
186.329,0.000370789,2.0
186.779,0.000370647,2.0
187.259,0.000370648,2.0
187.719,0.000370471,2.0
188.169,0.000370425,2.0
188.619,0.000370464,2.0
189.069,0.00037039,2.0
189.528,0.000370394,2.0
189.988,0.000370538,2.0
190.438,0.000370151,2.0
190.908,0.000370263,2.0
191.368,0.000370187,2.0
191.868,0.000370311,2.0
192.338,0.000370358,2.0
192.808,0.000370172,2.0
193.278,0.000370221,2.0
193.768,0.000370145,2.0
194.228,0.000370345,2.0
194.718,0.000370165,2.0
195.218,0.0003701,2.0
195.698,0.000369982,2.0
196.198,0.000370134,2.0
196.698,0.000370134,2.0
197.168,0.000370131,2.0
197.618,0.000369894,2.0
198.058,0.000369713,2.0
198.508,0.000369785,2.0
198.978,0.000369652,2.0
199.448,0.000369862,2.0
199.928,0.00036973,2.0
200.398,0.00036963,2.0
200.868,0.000369533,2.0
201.328,0.000369666,2.0
201.788,0.000369761,2.0
202.258,0.000369688,2.0
202.708,0.000369786,2.0
203.168,0.000369579,2.0
203.638,0.000369416,2.0
204.108,0.000369582,2.0
204.578,0.000369601,2.0
205.038,0.000369416,2.0
205.548,0.000369437,2.0
206.007,0.000369451,2.0
206.477,0.000369405,2.0
206.957,0.000369322,2.0
207.457,0.000369283,2.0
207.937,0.000369238,2.0
208.407,0.000369107,2.0
208.847,0.000369167,2.0
209.307,0.000369276,2.0
209.777,0.000369294,2.0
210.237,0.000369149,2.0
210.707,0.000369055,2.0
211.197,0.000368972,2.0
211.677,0.000368927,2.0
212.177,0.000369045,2.0
212.657,0.000368973,2.0
213.127,0.000368935,2.0
213.587,0.000368961,2.0
214.047,0.000368882,2.0
214.517,0.000368803,2.0
214.977,0.000368789,2.0
215.427,0.000368775,2.0
215.877,0.00036863,2.0
216.337,0.000368423,2.0
216.817,0.000368612,2.0
217.327,0.000368444,2.0
217.797,0.000368378,2.0
218.297,0.000368549,2.0
218.777,0.000368589,2.0
219.257,0.0003684,2.0
219.757,0.000368609,2.0
220.237,0.000368563,2.0
220.727,0.000368448,2.0
221.217,0.000368303,2.0
221.677,0.000368283,2.0
222.167,0.000368249,2.0
222.636,0.000368218,2.0
223.136,0.000368124,2.0
223.636,0.000367819,2.0
224.106,0.00036775,2.0
224.586,0.000367438,2.0
225.016,0.00036732,2.0
225.486,0.000367014,2.0
225.956,0.000366883,2.0
226.446,0.000366888,2.0
226.906,0.000366474,2.0
227.416,0.000365846,2.0
227.876,0.00036559,2.0
228.336,0.000365009,2.0
228.816,0.000364691,2.0
229.306,0.000363981,2.0
229.766,0.000363604,2.0
230.226,0.000363033,2.0
230.676,0.000362796,2.0
231.146,0.000362504,2.0
231.636,0.000361904,2.0
232.096,0.000361489,2.0
232.556,0.000361292,2.0
233.036,0.000360993,2.0
233.506,0.000360644,2.0
233.986,0.000360361,2.0
234.456,0.000359972,2.0
234.916,0.000359666,2.0
235.366,0.000359348,2.0
235.796,0.000359205,2.0
236.276,0.000359124,2.0
236.756,0.000358987,2.0
237.216,0.000358626,2.0
237.716,0.00035838,2.0
238.176,0.000358102,2.0
238.655,0.000358101,2.0
239.395,0.000357698,2.0
240.085,0.000357426,2.0
240.755,0.000357296,2.0
241.295,0.000357097,2.0
241.865,0.000356735,2.0
242.435,0.000356609,2.0
242.995,0.000356185,2.0
243.515,0.000355699,2.0
243.995,0.0003558,2.0
244.475,0.000355347,2.0
244.975,0.000355142,2.0
245.445,0.00035513,2.0
245.935,0.000354592,2.0
246.425,0.000354248,2.0
246.925,0.000354019,2.0
247.415,0.000353967,2.0
247.895,0.000353649,2.0
248.365,0.000353401,2.0
248.865,0.000353203,2.0
249.375,0.000353006,2.0
249.875,0.000352869,2.0
250.375,0.000352263,2.0
250.865,0.000352083,2.0
251.375,0.000351858,2.0
251.865,0.000351416,2.0
252.355,0.000351371,2.0
252.835,0.000351243,2.0
253.335,0.000350846,2.0
253.805,0.000350792,2.0
254.265,0.000350431,2.0
254.715,0.000350354,2.0
255.194,0.000350157,2.0
255.664,0.000350102,2.0
256.154,0.000349983,2.0
256.654,0.000349581,2.0
257.144,0.000349493,2.0
257.624,0.000349264,2.0
258.134,0.000349077,2.0
258.624,0.000349011,2.0
259.114,0.000348718,2.0
259.604,0.000348494,2.0
260.094,0.000348496,2.0
260.574,0.000348471,2.0
261.054,0.00034824,2.0
261.544,0.000348048,2.0
262.024,0.000348058,2.0
262.524,0.000347857,2.0
263.024,0.000347906,2.0
263.534,0.00034752,2.0
264.014,0.000347439,2.0
264.484,0.000347146,2.0
264.954,0.000347254,2.0
265.424,0.000347215,2.0
265.924,0.000346788,2.0
266.404,0.000346704,2.0
266.894,0.000346558,2.0
267.364,0.000346833,2.0
267.864,0.000346701,2.0
268.364,0.000346853,2.0
268.834,0.000346357,2.0
269.314,0.000346189,2.0
269.794,0.000346194,2.0
270.274,0.000346081,2.0
270.774,0.000345838,2.0
271.244,0.000345734,2.0
271.713,0.000345577,2.0
272.223,0.000345399,2.0
272.713,0.000345358,2.0
273.223,0.000345283,2.0
273.723,0.000345213,2.0
274.173,0.000344949,2.0
274.653,0.000344849,2.0
275.133,0.000344807,2.0
275.613,0.000344812,2.0
276.133,0.000344535,2.0
276.733,0.000344392,2.0
277.273,0.000344414,2.0
277.773,0.000344423,2.0
278.223,0.000344393,2.0
278.693,0.000344101,2.0
279.173,0.000343859,2.0
279.683,0.000343873,2.0
280.173,0.00034362,2.0
280.663,0.000343791,2.0
281.143,0.000343714,2.0
281.643,0.000343443,2.0
282.123,0.000343204,2.0
282.593,0.000343372,2.0
283.083,0.000343046,2.0
283.583,0.000342876,2.0
284.073,0.000342764,2.0
284.543,0.000342703,2.0
285.033,0.000342388,2.0
285.523,0.000342349,2.0
286.013,0.000342286,2.0
286.533,0.000342001,2.0
287.043,0.000342121,2.0
287.553,0.000342053,2.0
288.053,0.000341896,2.0
288.602,0.000341687,2.0
289.122,0.000341595,2.0
289.662,0.000341429,2.0
290.152,0.000341327,2.0
290.632,0.000341308,2.0
291.142,0.0003414,2.0
291.632,0.000341254,2.0
292.142,0.000341121,2.0
292.672,0.00034102,2.0
293.182,0.000341091,2.0
293.702,0.000341033,2.0
294.202,0.000340582,2.0
294.682,0.000340666,2.0
295.172,0.000340586,2.0
295.672,0.000340505,2.0
296.132,0.000340654,2.0
296.632,0.000340277,2.0
297.112,0.000340455,2.0
297.602,0.00034021,2.0
298.102,0.000340011,2.0
298.592,0.00034009,2.0
299.092,0.000340005,2.0
299.602,0.000339779,2.0
300.102,0.000339916,2.0
300.602,0.000339792,2.0
301.082,0.000339717,2.0
301.572,0.000339719,2.0
302.102,0.000339292,2.0
302.602,0.00033945,2.0
303.122,0.000339081,2.0
303.682,0.000339228,2.0
304.192,0.000339103,2.0
304.691,0.000339113,2.0
305.211,0.000338988,2.0
305.711,0.000339141,2.0
306.201,0.000339054,2.0
306.711,0.00033878,2.0
307.201,0.000338727,2.0
307.711,0.00033878,2.0
308.201,0.000338464,2.0
308.721,0.000338633,2.0
309.211,0.000338609,2.0
309.711,0.000338355,2.0
310.201,0.000338509,2.0
310.701,0.000338376,2.0
311.211,0.000338237,2.0
311.711,0.000338187,2.0
312.231,0.000338249,2.0
312.731,0.000338055,2.0
313.241,0.000337825,2.0
313.731,0.00033779,2.0
314.261,0.000337797,2.0
314.801,0.000337852,2.0
315.311,0.00033757,2.0
315.841,0.000337533,2.0
316.361,0.000337456,2.0
316.861,0.000337489,2.0
317.371,0.000337312,2.0
317.931,0.000337136,2.0
318.451,0.000336894,2.0
318.981,0.000337034,2.0
319.481,0.000337107,2.0
320.001,0.000336626,2.0
320.491,0.000336732,2.0
321.030,0.000336494,2.0
321.530,0.000336518,2.0
322.030,0.00033635,2.0
322.530,0.000336344,2.0
323.050,0.000336204,2.0
323.560,0.000336157,2.0
324.060,0.000336086,2.0
324.560,0.000336151,2.0
325.070,0.000335909,2.0
325.560,0.00033583,2.0
326.080,0.000335628,2.0
326.580,0.000335693,2.0
327.090,0.000335602,2.0
327.590,0.000335499,2.0
328.080,0.000335302,2.0
328.600,0.00033523,2.0
329.110,0.00033541,2.0
329.610,0.000335283,2.0
330.120,0.000335443,2.0
330.620,0.000335206,2.0
331.150,0.000334986,2.0
331.660,0.000334988,2.0
332.180,0.000335002,2.0
332.690,0.000335139,2.0
333.190,0.000334954,2.0
333.680,0.000334897,2.0
334.240,0.000334795,2.0
334.760,0.000334918,2.0
335.270,0.000334574,2.0
335.810,0.000334651,2.0
336.300,0.000334531,2.0
336.790,0.000334669,2.0
337.339,0.000334293,2.0
337.839,0.000334452,2.0
338.339,0.000334247,2.0
338.849,0.000334085,2.0
339.389,0.000334206,2.0
339.849,0.000334195,2.0
340.339,0.000334234,2.0
340.879,0.000334043,2.0
341.369,0.000333959,2.0
341.869,0.000334083,2.0
342.419,0.000333787,2.0
342.929,0.000334134,2.0
343.459,0.000333898,2.0
343.979,0.000333754,2.0
344.509,0.00033391,2.0
345.019,0.000333698,2.0
345.559,0.000333804,2.0
346.079,0.000333915,2.0
346.629,0.000333781,2.0
347.139,0.000333531,2.0
347.669,0.000333601,2.0
348.209,0.000333329,2.0
348.729,0.00033332,2.0
349.239,0.000333209,2.0
349.799,0.000333304,2.0
350.319,0.000333164,2.0
350.849,0.000333149,2.0
351.359,0.000333105,2.0
351.889,0.000333235,2.0
352.399,0.000332825,2.0
352.919,0.000332826,2.0
353.429,0.000332875,2.0
353.948,0.000332659,2.0
354.478,0.000332801,2.0
354.988,0.000332878,2.0
355.518,0.000332761,2.0
356.028,0.000332481,2.0
356.568,0.000332532,2.0
357.078,0.00033237,2.0
357.578,0.000332496,2.0
358.108,0.000332332,2.0
358.648,0.000332565,2.0
359.148,0.000332265,2.0
359.698,0.000332346,2.0
360.238,0.000332401,2.0
360.748,0.000332309,2.0
361.258,0.000331916,2.0
361.798,0.000331973,2.0
362.318,0.000332092,2.0
362.828,0.000331761,2.0
363.348,0.000331805,2.0
363.948,0.000331904,2.0
364.488,0.000331563,2.0
364.978,0.000331711,2.0
365.408,0.000331745,2.0
365.848,0.000331645,2.0
366.378,0.000331652,2.0
366.858,0.000331622,2.0
367.318,0.0003316,2.0
367.778,0.000331527,2.0
368.228,0.000331476,2.0
368.688,0.000331253,2.0
369.138,0.000331284,2.0
369.608,0.000331211,2.0
370.058,0.000331033,2.0
370.487,0.000331297,2.0
370.957,0.000331106,2.0
371.427,0.000330957,2.0
371.877,0.000330977,2.0
372.377,0.000330989,2.0
372.827,0.000330857,2.0
373.307,0.000330832,2.0
373.797,0.000330769,2.0
374.277,0.000330849,2.0
374.747,0.000330805,2.0
375.227,0.000330725,2.0
375.687,0.000330785,2.0
376.137,0.000330707,2.0
376.597,0.000330794,2.0
377.047,0.000330956,2.0
377.507,0.000330806,2.0
377.977,0.00033096,2.0
378.437,0.000330619,2.0
378.897,0.000330681,2.0
379.347,0.00033078,2.0
379.817,0.00033067,2.0
380.297,0.000330268,2.0
380.737,0.000330532,2.0
381.197,0.000330527,2.0
381.667,0.000330527,2.0
382.147,0.000330379,2.0
382.637,0.000330142,2.0
383.117,0.000330172,2.0
383.597,0.000330242,2.0
384.077,0.000330262,2.0
384.557,0.00033031,2.0
385.027,0.000330073,2.0
385.497,0.000329994,2.0
385.977,0.000330075,2.0
386.457,0.000330231,2.0
386.936,0.000330251,2.0
387.406,0.000330076,2.0
387.876,0.000329863,2.0
388.346,0.000329797,2.0
388.796,0.00032971,2.0
389.286,0.000329529,2.0
389.766,0.000329587,2.0
390.236,0.000329741,2.0
390.716,0.000329473,2.0
391.186,0.000329224,2.0
391.666,0.00032931,2.0
392.136,0.000329423,2.0
392.616,0.000329218,2.0
393.146,0.000329313,2.0
393.636,0.000329248,2.0
394.116,0.000329282,2.0
394.606,0.000329291,2.0
395.066,0.000329177,2.0
395.576,0.000328876,2.0
396.046,0.000328768,2.0
396.486,0.000328922,2.0
396.956,0.000328996,2.0
397.436,0.000329092,2.0
397.896,0.000328722,2.0
398.366,0.000328993,2.0
398.866,0.000328821,2.0
399.346,0.000328611,2.0
399.826,0.00032866,2.0
400.336,0.000328547,2.0
400.826,0.000328532,2.0
401.306,0.00032833,2.0
401.776,0.000328354,2.0
402.266,0.000328391,2.0
402.756,0.000328563,2.0
403.215,0.000328614,2.0
403.695,0.000328392,2.0
404.185,0.000328574,2.0
404.685,0.000328606,2.0
405.155,0.000328604,2.0
405.615,0.000328543,2.0
406.105,0.000328443,2.0
406.545,0.000328358,2.0
407.015,0.000328509,2.0
407.495,0.000328299,2.0
407.955,0.000328368,2.0
408.445,0.000328153,2.0
408.905,0.000328174,2.0
409.375,0.000327932,2.0
409.865,0.000328003,2.0
410.345,0.000327762,2.0
410.855,0.000327947,2.0
411.345,0.00032784,2.0
411.825,0.000327893,2.0
412.305,0.000328017,2.0
412.785,0.000327955,2.0
413.265,0.000327865,2.0
413.755,0.000327913,2.0
414.215,0.000327858,2.0
414.715,0.000328008,2.0
415.165,0.00032792,2.0
415.665,0.000328064,2.0
416.155,0.000327981,2.0
416.645,0.000327982,2.0
417.155,0.000328104,2.0
417.635,0.000327808,2.0
418.115,0.000327951,2.0
418.585,0.000328091,2.0
419.065,0.000327895,2.0
419.545,0.000327719,2.0
420.034,0.000327866,2.0
420.534,0.000327779,2.0
420.994,0.000327588,2.0
421.494,0.00032763,2.0
421.984,0.000327606,2.0
422.464,0.000327644,2.0
422.934,0.000327325,2.0
423.414,0.000327493,2.0
423.904,0.000327269,2.0
424.384,0.000327269,2.0
424.844,0.000327531,2.0
425.294,0.000327461,2.0
425.754,0.000327253,2.0
426.264,0.000327643,2.0
426.754,0.00032771,2.0
427.224,0.000327711,2.0
427.714,0.000327932,2.0
428.174,0.000327839,2.0
428.664,0.000327857,2.0
429.134,0.000328047,2.0
429.634,0.000327952,2.0
430.094,0.000328312,2.0
430.594,0.000328201,2.0
431.074,0.000328562,2.0
431.554,0.000328654,2.0
432.004,0.000328562,2.0
432.474,0.000328701,2.0
432.954,0.000329114,2.0
433.434,0.000329077,2.0
433.984,0.000329205,2.0
434.494,0.000329324,2.0
434.994,0.000329406,2.0
435.494,0.000329661,2.0
435.964,0.000329826,2.0
436.433,0.000329922,2.0
436.913,0.000330064,2.0
437.393,0.00033016,2.0
437.873,0.000330133,2.0
438.363,0.000330636,2.0
438.833,0.000330954,2.0
439.303,0.000331097,2.0
439.773,0.000331128,2.0
440.233,0.000331287,2.0
440.693,0.000331446,2.0
441.173,0.000331815,2.0
441.683,0.000331926,2.0
442.173,0.000332087,2.0
442.663,0.000332317,2.0
443.143,0.000332509,2.0
443.613,0.00033271,2.0
444.093,0.00033281,2.0
444.583,0.000333054,2.0
445.073,0.000333394,2.0
445.553,0.000333524,2.0
446.053,0.000333714,2.0
446.523,0.00033385,2.0
447.013,0.000334039,2.0
447.483,0.00033412,2.0
447.963,0.000334414,2.0
448.453,0.000334679,2.0
448.903,0.000334946,2.0
449.383,0.000335052,2.0
449.863,0.000335482,2.0
450.333,0.000335888,2.0
450.803,0.000336177,2.0
451.283,0.0003364,2.0
451.743,0.000337059,2.0
452.213,0.000337334,2.0
452.692,0.000337654,2.0
453.162,0.000338018,2.0
453.632,0.000338538,2.0
454.112,0.000338887,2.0
454.582,0.00033902,2.0
455.032,0.000339308,2.0
455.532,0.00033976,2.0
456.022,0.000340043,2.0
456.502,0.000340303,2.0
457.012,0.0003406,2.0
457.492,0.000341132,2.0
457.982,0.000341227,2.0
458.472,0.000341521,2.0
458.942,0.000342021,2.0
459.412,0.000342153,2.0
459.892,0.000342311,2.0
460.372,0.000342584,2.0
460.862,0.000342964,2.0
461.332,0.000343205,2.0
461.772,0.000343466,2.0
462.212,0.000343682,2.0
462.692,0.000344224,2.0
463.192,0.000344479,2.0
463.662,0.000344794,2.0
464.152,0.000344793,2.0
464.632,0.000345188,2.0
465.112,0.000345137,2.0
465.592,0.000345391,2.0
466.072,0.000345708,2.0
466.562,0.000345776,2.0
467.052,0.0003459,2.0
467.542,0.000346158,2.0
468.022,0.000346358,2.0
468.492,0.000346526,2.0
468.971,0.000346858,2.0
469.421,0.000346994,2.0
469.891,0.000347109,2.0
470.391,0.000347188,2.0
470.861,0.000347484,2.0
471.351,0.000347366,2.0
471.851,0.00034742,2.0
472.381,0.000347735,2.0
472.851,0.000347848,2.0
473.341,0.000348006,2.0
473.811,0.000348307,2.0
474.301,0.0003483,2.0
474.791,0.000348392,2.0
475.291,0.000348451,2.0
475.751,0.00034871,2.0
476.241,0.000348716,2.0
476.721,0.000348847,2.0
477.211,0.000349009,2.0
477.691,0.000348964,2.0
478.161,0.000349051,2.0
478.641,0.000349152,2.0
479.131,0.00034932,2.0
479.621,0.000349449,2.0
480.121,0.000349506,2.0
480.601,0.000349584,2.0
481.091,0.000349672,2.0
481.601,0.000349555,2.0
482.061,0.000349718,2.0
482.541,0.000349791,2.0
483.031,0.000349884,2.0
483.521,0.00035012,2.0
484.031,0.000349954,2.0
484.521,0.000350013,2.0
484.991,0.00035012,2.0
485.470,0.000350213,2.0
485.960,0.000350229,2.0
486.460,0.000350282,2.0
486.950,0.000350324,2.0
487.480,0.000350553,2.0
487.980,0.000350575,2.0
488.470,0.000350682,2.0
488.980,0.000350828,2.0
489.490,0.000350553,2.0
489.970,0.000350659,2.0
490.470,0.000350711,2.0
490.960,0.000350758,2.0
491.460,0.00035066,2.0
491.940,0.00035059,2.0
492.420,0.000350723,2.0
492.920,0.000350708,2.0
493.410,0.000350829,2.0
493.930,0.000350683,2.0
494.420,0.0003509,2.0
494.930,0.000351013,2.0
495.430,0.00035095,2.0
495.950,0.000351057,2.0
496.470,0.000351039,2.0
496.960,0.000351101,2.0
497.430,0.000351101,2.0
497.930,0.000351071,2.0
498.400,0.000350846,2.0
498.910,0.000350794,2.0
499.380,0.000350858,2.0
499.850,0.000350897,2.0
500.370,0.000350883,2.0
500.850,0.000350703,2.0
501.330,0.000350775,2.0
501.830,0.000350883,2.0
502.329,0.000350658,2.0
502.839,0.000350832,2.0
503.329,0.00035067,2.0
503.829,0.000350841,2.0
504.309,0.000350797,2.0
504.799,0.000350769,2.0
505.279,0.000350957,2.0
505.779,0.000350732,2.0
506.269,0.000350831,2.0
506.759,0.000350788,2.0
507.249,0.000350672,2.0
507.739,0.00035091,2.0
508.229,0.000351102,2.0
508.729,0.00035081,2.0
509.219,0.000350744,2.0
509.699,0.000350786,2.0
510.199,0.000350822,2.0
510.709,0.00035091,2.0
511.199,0.000351062,2.0
511.679,0.000351076,2.0
512.159,0.000350991,2.0
512.649,0.000351224,2.0
513.149,0.000350895,2.0
513.669,0.000350822,2.0
514.149,0.000350908,2.0
514.599,0.00035107,2.0
515.099,0.000350906,2.0
515.589,0.000350918,2.0
516.079,0.000350993,2.0
516.589,0.000350866,2.0
517.079,0.000350819,2.0
517.589,0.000350987,2.0
518.099,0.000350847,2.0
518.568,0.000350842,2.0
519.078,0.000350914,2.0
519.558,0.000350639,2.0
520.058,0.000350646,2.0
520.558,0.000350779,2.0
521.068,0.00035076,2.0
521.538,0.000350615,2.0
522.058,0.00035079,2.0
522.568,0.000350728,2.0
523.078,0.000350641,2.0
523.558,0.000350685,2.0
524.068,0.000350698,2.0
524.568,0.000350791,2.0
525.068,0.000350633,2.0
525.558,0.000350456,2.0
526.048,0.000350565,2.0
526.548,0.000350677,2.0
527.038,0.000350542,2.0
527.528,0.000350541,2.0
528.008,0.000350589,2.0
528.488,0.000350478,2.0
528.978,0.000350537,2.0
529.478,0.000350486,2.0
529.988,0.000350521,2.0
530.448,0.000350399,2.0
530.908,0.000350782,2.0
531.398,0.000350574,2.0
531.888,0.000350626,2.0
532.378,0.000350555,2.0
532.868,0.000350636,2.0
533.388,0.000350536,2.0
533.898,0.000350538,2.0
534.388,0.000350564,2.0
534.868,0.000350444,2.0
535.357,0.000350521,2.0
535.867,0.000350285,2.0
536.357,0.000350291,2.0
536.847,0.000350186,2.0
537.327,0.000350276,2.0
537.817,0.000350302,2.0
538.307,0.000350413,2.0
538.787,0.000350233,2.0
539.287,0.000350327,2.0
539.787,0.000350132,2.0
540.307,0.000350088,2.0
540.817,0.000349919,2.0
541.327,0.000350062,2.0
541.847,0.00035001,2.0
542.347,0.000349952,2.0
542.867,0.000349942,2.0
543.357,0.000349993,2.0
543.857,0.000349878,2.0
544.367,0.000349822,2.0
544.837,0.00034995,2.0
545.327,0.000349777,2.0
545.807,0.000349879,2.0
546.297,0.000349813,2.0
546.807,0.000349849,2.0
547.287,0.000349786,2.0
547.777,0.000349795,2.0
548.237,0.000349587,2.0
548.747,0.00034954,2.0
549.217,0.000349492,2.0
549.717,0.000349493,2.0
550.197,0.000349711,2.0
550.687,0.000349567,2.0
551.177,0.000349565,2.0
551.656,0.000349635,2.0
552.136,0.00034947,2.0
552.646,0.000349419,2.0
553.156,0.000349436,2.0
553.666,0.000349481,2.0
554.146,0.000349492,2.0
554.656,0.000349215,2.0
555.176,0.000349412,2.0
555.676,0.000349274,2.0
556.176,0.000349226,2.0
556.646,0.000349265,2.0
557.156,0.000349181,2.0
557.646,0.000349169,2.0
558.156,0.000349238,2.0
558.656,0.000349156,2.0
559.146,0.000349092,2.0
559.646,0.000348973,2.0
560.136,0.000349067,2.0
560.636,0.000349081,2.0
561.146,0.000348858,2.0
561.646,0.000348768,2.0
562.166,0.000348742,2.0
562.676,0.000348988,2.0
563.176,0.000348748,2.0
563.656,0.000348811,2.0
564.196,0.000348893,2.0
564.706,0.00034861,2.0
565.176,0.000348774,2.0
565.676,0.000348805,2.0
566.176,0.000348461,2.0
566.676,0.000348452,2.0
567.176,0.000348417,2.0
567.675,0.000348408,2.0
568.175,0.000348408,2.0
568.675,0.000348318,2.0
569.165,0.000348386,2.0
569.675,0.000348176,2.0
570.165,0.000347914,2.0
570.655,0.000347809,2.0
571.155,0.000347915,2.0
571.625,0.00034812,2.0
572.145,0.000348037,2.0
572.635,0.000347992,2.0
573.135,0.000347898,2.0
573.635,0.000347712,2.0
574.145,0.00034802,2.0
574.645,0.000347853,2.0
575.155,0.000347826,2.0
575.665,0.000347716,2.0
576.185,0.000347781,2.0
576.685,0.000347561,2.0
577.215,0.00034754,2.0
577.695,0.000347553,2.0
578.195,0.000347457,2.0
578.715,0.000347433,2.0
579.275,0.000347335,2.0
579.775,0.000347314,2.0
580.305,0.000347294,2.0
580.785,0.00034717,2.0
581.305,0.000347086,2.0
581.815,0.000347096,2.0
582.295,0.000346998,2.0
582.795,0.000347029,2.0
583.295,0.000346974,2.0
583.805,0.000347027,2.0
584.304,0.000346913,2.0
584.804,0.000347089,2.0
585.324,0.000347162,2.0
585.844,0.00034698,2.0
586.364,0.000347038,2.0
586.864,0.000346934,2.0
587.384,0.000346947,2.0
587.884,0.000346831,2.0
588.394,0.000346721,2.0
588.914,0.000346696,2.0
589.394,0.000346713,2.0
589.904,0.000346464,2.0
590.434,0.000346612,2.0
590.914,0.000346532,2.0
591.394,0.000346347,2.0
591.904,0.000346427,2.0
592.424,0.000346502,2.0
592.884,0.00034644,2.0
593.394,0.000346371,2.0
593.894,0.000346286,2.0
594.424,0.000346276,2.0
594.934,0.000346501,2.0
595.454,0.000346273,2.0
595.964,0.000346289,2.0
596.464,0.000346193,2.0
596.964,0.000346304,2.0
597.494,0.0003462,2.0
597.984,0.000346071,2.0
598.474,0.000346017,2.0
598.974,0.000346043,2.0
599.464,0.000346166,2.0
599.984,0.000346096,2.0
600.494,0.000346158,2.0
601.003,0.000345901,2.0
601.503,0.000346023,2.0
602.003,0.000346009,2.0
602.493,0.000345833,2.0
603.033,0.000345855,2.0
603.543,0.000345747,2.0
604.063,0.000345579,2.0
604.573,0.000345608,2.0
605.063,0.000345697,2.0
605.563,0.000345656,2.0
606.083,0.000345457,2.0
606.603,0.00034529,2.0
607.103,0.000345531,2.0
607.633,0.000345318,2.0
608.123,0.000345405,2.0
608.643,0.000345486,2.0
609.163,0.000345315,2.0
609.693,0.000345335,2.0
610.203,0.000345347,2.0
610.733,0.000345373,2.0
611.203,0.000345244,2.0
611.703,0.000345082,2.0
612.223,0.000345083,2.0
612.723,0.000345134,2.0
613.233,0.000345117,2.0
613.743,0.000345193,2.0
614.263,0.000345161,2.0
614.773,0.00034488,2.0
615.273,0.000344723,2.0
615.813,0.000344818,2.0
616.303,0.00034495,2.0
616.803,0.000344774,2.0
617.312,0.000344777,2.0
617.852,0.000344687,2.0
618.332,0.000344794,2.0
618.802,0.000344667,2.0
619.342,0.000344654,2.0
619.842,0.000344678,2.0
620.372,0.000344614,2.0
620.892,0.000333792,2.0
621.392,0.000307271,2.0
621.912,0.000296494,2.0
622.432,0.000290527,2.0
622.942,0.000286444,2.0
623.452,0.000283483,2.0
623.952,0.000281279,2.0
624.472,0.000279512,2.0
625.032,0.000278038,2.0
625.522,0.000276897,2.0
626.012,0.000276043,2.0
626.522,0.000275159,2.0
627.042,0.0002747,2.0
627.532,0.000274092,2.0
628.042,0.000273609,2.0
628.572,0.000273319,2.0
629.072,0.000272939,2.0
629.562,0.000272679,2.0
630.052,0.000272539,2.0
630.552,0.000272192,2.0
631.052,0.000272139,2.0
631.552,0.00027202,2.0
632.072,0.000271984,2.0
632.562,0.000271862,2.0
633.102,0.000271862,2.0
633.611,0.00027189,2.0
634.131,0.000271713,2.0
634.621,0.000271749,2.0
635.121,0.000271617,2.0
635.631,0.000271686,2.0
636.121,0.000271335,2.0
636.631,0.000271492,2.0
637.141,0.000271556,2.0
637.661,0.000271531,2.0
638.141,0.000271629,2.0
638.641,0.000271672,2.0
639.141,0.000271754,2.0
639.671,0.000271921,2.0
640.221,0.000271728,2.0
640.691,0.000271922,2.0
641.221,0.000271999,2.0
641.681,0.000271984,2.0
642.161,0.000271955,2.0
642.671,0.000272145,2.0
643.161,0.000272253,2.0
643.681,0.000272418,2.0
644.191,0.000272685,2.0
644.721,0.000272689,2.0
645.201,0.000272574,2.0
645.701,0.000272669,2.0
646.191,0.000272872,2.0
646.701,0.000272973,2.0
647.221,0.000272975,2.0
647.741,0.000273176,2.0
648.241,0.000273205,2.0
648.761,0.000273006,2.0
649.251,0.000273174,2.0
649.761,0.0002733,2.0
650.280,0.000273348,2.0
650.800,0.000273411,2.0
651.320,0.000273379,2.0
651.830,0.000273601,2.0
652.340,0.000273639,2.0
652.850,0.000273943,2.0
653.360,0.000273756,2.0
653.860,0.000273891,2.0
654.380,0.00027401,2.0
654.910,0.000274034,2.0
655.440,0.000274017,2.0
655.920,0.000273898,2.0
656.440,0.000274049,2.0
656.930,0.000274358,2.0
657.440,0.000274181,2.0
657.940,0.000274293,2.0
658.470,0.000274471,2.0
659.000,0.000274645,2.0
659.510,0.000274634,2.0
660.010,0.000274591,2.0
660.530,0.000274676,2.0
661.040,0.000274706,2.0
661.570,0.000274807,2.0
662.080,0.000274574,2.0
662.580,0.000274982,2.0
663.130,0.000274812,2.0
663.630,0.000274878,2.0
664.160,0.000275079,2.0
664.680,0.000274953,2.0
665.190,0.000275025,2.0
665.690,0.000274992,2.0
666.200,0.000274917,2.0
666.849,0.000275114,2.0
667.499,0.000274998,2.0
668.059,0.000275156,2.0
668.729,0.000275073,2.0
669.239,0.000275182,2.0
669.759,0.000275153,2.0
670.309,0.000275508,2.0
670.829,0.000275562,2.0
671.329,0.000275363,2.0
671.859,0.000275571,2.0
672.359,0.000275675,2.0
672.879,0.000275555,2.0
673.419,0.000275599,2.0
673.919,0.000275624,2.0
674.439,0.00027557,2.0
674.969,0.000275587,2.0
675.519,0.000275484,2.0
676.029,0.00027575,2.0
676.559,0.000275695,2.0
677.089,0.000275701,2.0
677.619,0.000275764,2.0
678.139,0.000275872,2.0
678.669,0.000275964,2.0
679.199,0.00027585,2.0
679.749,0.000275925,2.0
680.299,0.000276016,2.0
680.839,0.000275923,2.0
681.359,0.000276192,2.0
681.869,0.000275979,2.0
682.409,0.000276017,2.0
682.929,0.000276047,2.0
683.448,0.000276194,2.0
683.988,0.000275993,2.0
684.528,0.000276093,2.0
685.058,0.000276082,2.0
685.548,0.000276126,2.0
686.068,0.000276273,2.0
686.618,0.000276307,2.0
687.118,0.000276268,2.0
687.668,0.000276121,2.0
688.208,0.000276253,2.0
688.748,0.00027616,2.0
689.298,0.000276377,2.0
689.828,0.000276223,2.0
690.348,0.000276287,2.0
690.858,0.000276343,2.0
691.408,0.000276519,2.0
691.938,0.000276395,2.0
692.478,0.000276322,2.0
692.998,0.000276409,2.0
693.568,0.000276374,2.0
694.108,0.000276465,2.0
694.628,0.000276322,2.0
695.108,0.000276388,2.0
695.648,0.000276432,2.0
696.178,0.000276599,2.0
696.708,0.000276632,2.0
697.258,0.000276592,2.0
697.798,0.000276661,2.0
698.328,0.000276701,2.0
698.838,0.000276864,2.0
699.367,0.000276734,2.0
699.877,0.000276593,2.0
700.407,0.000276701,2.0
700.928,0.000276691,2.0
701.487,0.000276748,2.0
702.007,0.000276796,2.0
702.547,0.00027673,2.0
703.087,0.000276555,2.0
703.607,0.0002765,2.0
704.127,0.000276541,2.0
704.647,0.000276426,2.0
705.187,0.000276322,2.0
705.707,0.000276515,2.0
706.247,0.000276649,2.0
706.787,0.000276554,2.0
707.317,0.000276634,2.0
707.847,0.000276488,2.0
708.377,0.000276378,2.0
708.947,0.000276397,2.0
709.467,0.000276471,2.0
709.997,0.00027638,2.0
710.517,0.000276383,2.0
711.027,0.000276508,2.0
711.547,0.000276494,2.0
712.097,0.000276378,2.0
712.617,0.000276455,2.0
713.157,0.00027629,2.0
713.677,0.000276315,2.0
714.227,0.000276527,2.0
714.757,0.000276533,2.0
715.277,0.000276533,2.0
715.797,0.000276293,2.0
716.326,0.000276189,2.0
716.876,0.000276415,2.0
717.406,0.000276078,2.0
717.906,0.000276343,2.0
718.446,0.000276488,2.0
718.976,0.000276452,2.0
719.506,0.000276269,2.0
720.066,0.000276273,2.0
720.616,0.000276114,2.0
721.166,0.00027637,2.0
721.666,0.000276227,2.0
722.146,0.000276314,2.0
722.676,0.00027607,2.0
723.186,0.000276222,2.0
723.686,0.000276095,2.0
724.206,0.000276015,2.0
724.736,0.000276206,2.0
725.296,0.000276235,2.0
725.826,0.000276123,2.0
726.366,0.00027613,2.0
726.896,0.000276119,2.0
727.446,0.000275999,2.0
727.906,0.000275869,2.0
728.376,0.000276039,2.0
728.826,0.000276109,2.0
729.276,0.000276074,2.0
729.746,0.000276089,2.0
730.216,0.00027594,2.0
730.686,0.000276078,2.0
731.156,0.000275979,2.0
731.626,0.000276082,2.0
732.146,0.000276059,2.0
732.615,0.000275965,2.0
733.095,0.00027615,2.0
733.575,0.000276166,2.0
734.065,0.000276115,2.0
734.535,0.000276009,2.0
735.025,0.000276042,2.0
735.485,0.00027599,2.0
735.925,0.000276043,2.0
736.405,0.000275911,2.0
736.895,0.000276008,2.0
737.365,0.000275979,2.0
737.855,0.000276055,2.0
738.335,0.000275788,2.0
738.805,0.000275805,2.0
739.305,0.000275943,2.0
739.775,0.000275828,2.0
740.245,0.000275714,2.0
740.715,0.000275866,2.0
741.185,0.000275668,2.0
741.675,0.000275583,2.0
742.145,0.000275546,2.0
742.605,0.000275456,2.0
743.065,0.000275626,2.0
743.525,0.000275534,2.0
743.995,0.000275558,2.0
744.475,0.000275574,2.0
744.945,0.000275511,2.0
745.425,0.000275416,2.0
745.905,0.00027562,2.0
746.375,0.000275608,2.0
746.835,0.000275451,2.0
747.355,0.000275465,2.0
747.805,0.000275375,2.0
748.275,0.0002755,2.0
748.764,0.000275335,2.0
749.214,0.000275464,2.0
749.694,0.000275345,2.0
750.144,0.000275296,2.0
750.624,0.000275328,2.0
751.084,0.000275221,2.0
751.554,0.000275207,2.0
752.024,0.000275353,2.0
752.484,0.000275177,2.0
752.954,0.000275218,2.0
753.404,0.000275246,2.0
753.864,0.000275131,2.0
754.334,0.000274932,2.0
754.814,0.000274845,2.0
755.294,0.000274882,2.0
755.864,0.000274843,2.0
756.344,0.0002748,2.0
756.824,0.000274814,2.0
757.274,0.000274889,2.0
757.764,0.000274752,2.0
758.244,0.000274731,2.0
758.724,0.000274572,2.0
759.204,0.000274637,2.0
759.664,0.000274804,2.0
760.124,0.000274791,2.0
760.564,0.000274606,2.0
761.034,0.000274564,2.0
761.514,0.000274546,2.0
761.984,0.00027462,2.0
762.514,0.000274531,2.0
763.014,0.000274607,2.0
763.524,0.000274619,2.0
764.014,0.000274607,2.0
764.494,0.000274585,2.0
764.984,0.00027455,2.0
765.463,0.000274514,2.0
765.943,0.000274466,2.0
766.423,0.000274411,2.0
766.923,0.000274451,2.0
767.423,0.000274386,2.0
767.913,0.000274304,2.0
768.393,0.000274316,2.0
768.873,0.000274371,2.0
769.353,0.000274461,2.0
769.853,0.000274299,2.0
770.303,0.000274314,2.0
770.783,0.000274421,2.0
771.243,0.000274594,2.0
771.723,0.00027438,2.0
772.213,0.00027439,2.0
772.713,0.000274273,2.0
773.193,0.000274215,2.0
773.703,0.000274284,2.0
774.203,0.000274158,2.0
774.693,0.000274074,2.0
775.163,0.000274072,2.0
775.653,0.000274117,2.0
776.133,0.000274205,2.0
776.623,0.000274009,2.0
777.133,0.00027401,2.0
777.663,0.000274036,2.0
778.163,0.00027384,2.0
778.643,0.000273806,2.0
779.123,0.000273916,2.0
779.623,0.000273818,2.0
780.103,0.000273968,2.0
780.603,0.000273882,2.0
781.083,0.000273951,2.0
781.573,0.000273794,2.0
782.042,0.000273876,2.0
782.562,0.000273969,2.0
783.072,0.000273919,2.0
783.562,0.000273936,2.0
784.052,0.000273724,2.0
784.532,0.000273834,2.0
785.012,0.000273849,2.0
785.512,0.000273873,2.0
785.982,0.000273581,2.0
786.482,0.000273811,2.0
786.982,0.000273646,2.0
787.462,0.000273744,2.0
787.932,0.000273675,2.0
788.422,0.000273656,2.0
788.922,0.00027357,2.0
789.402,0.000273495,2.0
789.862,0.000273386,2.0
790.362,0.000273607,2.0
790.852,0.000273565,2.0
791.332,0.000273436,2.0
791.822,0.000273479,2.0
792.302,0.000273292,2.0
792.812,0.000273255,2.0
793.302,0.000273255,2.0
793.762,0.000273359,2.0
794.262,0.000273234,2.0
794.742,0.00027323,2.0
795.242,0.000273366,2.0
795.742,0.000273185,2.0
796.242,0.000272986,2.0
796.742,0.000273049,2.0
797.252,0.000272907,2.0
797.732,0.000273025,2.0
798.221,0.000273097,2.0
798.711,0.000273225,2.0
799.191,0.000273262,2.0
799.661,0.000273156,2.0
800.161,0.000273087,2.0
800.661,0.000272983,2.0
801.151,0.000273163,2.0
801.641,0.000272961,2.0
802.131,0.000272958,2.0
802.651,0.000272902,2.0
803.141,0.000272921,2.0
803.621,0.000273017,2.0
804.091,0.000272766,2.0
804.541,0.000272911,2.0
805.021,0.000272857,2.0
805.511,0.000272812,2.0
805.991,0.000272819,2.0
806.461,0.000272846,2.0
806.951,0.000272994,2.0
807.441,0.000272791,2.0
807.971,0.000272706,2.0
808.441,0.000272657,2.0
808.921,0.00027258,2.0
809.411,0.000272676,2.0
809.891,0.000272828,2.0
810.361,0.000272701,2.0
810.851,0.000272584,2.0
811.351,0.000272628,2.0
811.841,0.000272658,2.0
812.331,0.000272562,2.0
812.821,0.00027258,2.0
813.321,0.000272529,2.0
813.821,0.000272505,2.0
814.301,0.000272553,2.0
814.770,0.00027253,2.0
815.230,0.000272298,2.0
815.710,0.000272487,2.0
816.190,0.000272268,2.0
816.670,0.00027232,2.0
817.210,0.000272511,2.0
817.710,0.000272307,2.0
818.200,0.000272437,2.0
818.690,0.000272233,2.0
819.170,0.000272098,2.0
819.650,0.000272109,2.0
820.130,0.000272067,2.0
820.620,0.000271995,2.0
821.100,0.000272348,2.0
821.580,0.000272157,2.0
822.090,0.000272228,2.0
822.600,0.000272156,2.0
823.120,0.000272235,2.0
823.610,0.000272011,2.0
824.100,0.00027209,2.0
824.630,0.000271996,2.0
825.110,0.000272092,2.0
825.620,0.000272044,2.0
826.120,0.000271867,2.0
826.600,0.000271785,2.0
827.080,0.000271854,2.0
827.560,0.000272062,2.0
828.040,0.000271718,2.0
828.530,0.000271612,2.0
829.020,0.000271578,2.0
829.500,0.000271718,2.0
829.990,0.000271609,2.0
830.490,0.000271657,2.0
830.990,0.000271523,2.0
831.479,0.000271686,2.0
831.959,0.000271543,2.0
832.449,0.000271643,2.0
832.939,0.000271529,2.0
833.429,0.000271558,2.0
833.929,0.000271575,2.0
834.419,0.000271325,2.0
834.879,0.000271184,2.0
835.369,0.000271479,2.0
835.879,0.000271198,2.0
836.369,0.000271325,2.0
836.859,0.000271196,2.0
837.349,0.000271366,2.0
837.839,0.000271176,2.0
838.359,0.000271211,2.0
838.879,0.000271294,2.0
839.379,0.000271138,2.0
839.869,0.000271031,2.0
840.369,0.000270981,2.0
840.839,0.00027081,2.0
841.319,0.000271028,2.0
841.819,0.000270886,2.0
842.319,0.000270994,2.0
842.829,0.000271057,2.0
843.319,0.000270993,2.0
843.809,0.000270991,2.0
844.309,0.000270959,2.0
844.789,0.00027095,2.0
845.259,0.000270976,2.0
845.729,0.000271087,2.0
846.209,0.000270853,2.0
846.719,0.000270784,2.0
847.199,0.000270863,2.0
847.688,0.000270568,2.0
848.178,0.000270616,2.0
848.648,0.000270598,2.0
849.138,0.0002705,2.0
849.618,0.000270487,2.0
850.108,0.000270456,2.0
850.598,0.000270549,2.0
851.088,0.000270543,2.0
851.588,0.000270379,2.0
852.078,0.000270574,2.0
852.578,0.000270435,2.0
853.068,0.000270399,2.0
853.608,0.000270165,2.0
854.088,0.000270104,2.0
854.558,0.000270156,2.0
855.018,0.000270139,2.0
855.498,0.000270094,2.0
855.978,0.000269995,2.0
856.468,0.000269953,2.0
856.948,0.000270075,2.0
857.448,0.000270195,2.0
857.948,0.000269907,2.0
858.438,0.000269952,2.0
858.948,0.00027007,2.0
859.428,0.000269858,2.0
859.918,0.000269861,2.0
860.408,0.000269986,2.0
860.908,0.000270022,2.0
861.378,0.000270036,2.0
861.888,0.000269903,2.0
862.388,0.000269988,2.0
862.868,0.000269815,2.0
863.358,0.000269935,2.0
863.838,0.000269753,2.0
864.347,0.000269511,2.0
864.827,0.000269594,2.0
865.297,0.000269749,2.0
865.827,0.000269523,2.0
866.317,0.000269487,2.0
866.787,0.000269474,2.0
867.287,0.000269449,2.0
867.767,0.000269442,2.0
868.267,0.00026944,2.0
868.797,0.00026942,2.0
869.297,0.000269308,2.0
869.787,0.0002692,2.0
870.257,0.000269279,2.0
870.747,0.000269054,2.0
871.237,0.000269173,2.0
871.717,0.000269197,2.0
872.207,0.000269337,2.0
872.697,0.000269251,2.0
873.207,0.000269084,2.0
873.697,0.000269138,2.0
874.197,0.000269091,2.0
874.677,0.000269063,2.0
875.177,0.000269123,2.0
875.667,0.000269108,2.0
876.147,0.000269002,2.0
876.637,0.000269041,2.0
877.157,0.00026888,2.0
877.657,0.000268761,2.0
878.167,0.000268943,2.0
878.677,0.000268822,2.0
879.177,0.000268668,2.0
879.657,0.000268877,2.0
880.117,0.000268819,2.0
880.586,0.00026871,2.0
881.076,0.000268826,2.0
881.566,0.000268632,2.0
882.036,0.000268739,2.0
882.526,0.000268646,2.0
882.996,0.000268704,2.0
883.486,0.000268694,2.0
883.996,0.000268539,2.0
884.466,0.00026868,2.0
884.946,0.000268542,2.0
885.436,0.000268432,2.0
885.936,0.000268409,2.0
886.416,0.000268369,2.0
886.906,0.000268165,2.0
887.386,0.000268166,2.0
887.876,0.000268315,2.0
888.396,0.000268166,2.0
888.886,0.000268235,2.0
889.386,0.000267979,2.0
889.866,0.000268208,2.0
890.366,0.000268017,2.0
890.866,0.000267984,2.0
891.356,0.000267918,2.0
891.826,0.000268036,2.0
892.306,0.000268029,2.0
892.786,0.000268097,2.0
893.266,0.00026795,2.0
893.766,0.000267931,2.0
894.246,0.000267876,2.0
894.756,0.0002678,2.0
895.236,0.000267931,2.0
895.736,0.000267925,2.0
896.256,0.000267724,2.0
896.756,0.000267657,2.0
897.255,0.000267639,2.0
897.755,0.000267729,2.0
898.255,0.000267504,2.0
898.755,0.000267653,2.0
899.295,0.000267711,2.0
899.805,0.000267682,2.0
900.285,0.000267644,2.0
900.785,0.000267721,2.0
901.285,0.000267482,2.0
901.765,0.000267519,2.0
902.245,0.000267513,2.0
902.735,0.000267472,2.0
903.215,0.000267467,2.0
903.705,0.000267366,2.0
904.195,0.000267218,2.0
904.685,0.000267346,2.0
905.195,0.000267407,2.0
905.695,0.000267345,2.0
906.185,0.00026731,2.0
906.665,0.000267419,2.0
907.155,0.000267208,2.0
907.625,0.000267352,2.0
908.105,0.000267256,2.0
908.565,0.000267409,2.0
909.025,0.000267415,2.0
909.505,0.000267326,2.0
909.975,0.000267235,2.0
910.485,0.000267273,2.0
910.975,0.000267197,2.0
911.475,0.000267179,2.0
911.965,0.000267125,2.0
912.445,0.000267239,2.0
912.945,0.000267148,2.0
913.454,0.000267067,2.0
913.954,0.000267255,2.0
914.484,0.000267251,2.0
914.974,0.000267149,2.0
915.474,0.000266969,2.0
915.964,0.00026684,2.0
916.474,0.000266962,2.0
916.984,0.000266713,2.0
917.484,0.000266799,2.0
917.984,0.000266733,2.0
918.454,0.000266788,2.0
918.944,0.000266905,2.0
919.434,0.0002668,2.0
919.914,0.00026666,2.0
920.394,0.000266784,2.0
920.894,0.000266651,2.0
921.394,0.000266576,2.0
921.894,0.000266566,2.0
922.424,0.000266554,2.0
922.914,0.000266638,2.0
923.404,0.000266579,2.0
923.904,0.000266492,2.0
924.394,0.000266529,2.0
924.874,0.000266645,2.0
925.354,0.000266387,2.0
925.844,0.000266465,2.0
926.304,0.000266379,2.0
926.804,0.000266383,2.0
927.294,0.0002663,2.0
927.774,0.000266302,2.0
928.264,0.000266368,2.0
928.764,0.000266302,2.0
929.264,0.000266335,2.0
929.793,0.000266296,2.0
930.293,0.00026628,2.0
930.793,0.000266185,2.0
931.273,0.000266435,2.0
931.753,0.000266224,2.0
932.253,0.000266148,2.0
932.763,0.00026641,2.0
933.243,0.000266328,2.0
933.753,0.00026629,2.0
934.243,0.000266067,2.0
934.733,0.000266206,2.0
935.223,0.000266047,2.0
935.693,0.000266093,2.0
936.183,0.000266216,2.0
936.673,0.000266131,2.0
937.183,0.000266104,2.0
937.673,0.000266035,2.0
938.173,0.000266038,2.0
938.663,0.00026601,2.0
939.133,0.000265995,2.0
939.633,0.000265985,2.0
940.123,0.000265993,2.0
940.633,0.000265976,2.0
941.103,0.000265791,2.0
941.583,0.000265747,2.0
942.063,0.000265787,2.0
942.573,0.000265815,2.0
943.053,0.000265797,2.0
943.573,0.00026576,2.0
944.073,0.000265929,2.0
944.553,0.000265768,2.0
945.103,0.000265785,2.0
945.613,0.000265614,2.0
946.103,0.000265719,2.0
946.632,0.000265752,2.0
947.132,0.000265579,2.0
947.632,0.000265547,2.0
948.152,0.00026547,2.0
948.672,0.000265484,2.0
949.192,0.000265578,2.0
949.752,0.000265523,2.0
950.272,0.00026535,2.0
950.772,0.000265324,2.0
951.312,0.000265448,2.0
951.832,0.000265356,2.0
952.322,0.000265467,2.0
952.822,0.000265441,2.0
953.352,0.000265291,2.0
953.882,0.000265321,2.0
954.392,0.000265279,2.0
954.922,0.000265267,2.0
955.442,0.000265188,2.0
955.992,0.000265173,2.0
956.522,0.00026517,2.0
957.052,0.000265045,2.0
957.572,0.000265045,2.0
958.082,0.000265038,2.0
958.602,0.000265012,2.0
959.122,0.000265023,2.0
959.652,0.000265007,2.0
960.222,0.000265005,2.0
960.742,0.000264881,2.0
961.282,0.00026498,2.0
961.822,0.000264742,2.0
962.372,0.000264875,2.0
962.891,0.00026479,2.0
963.421,0.000264846,2.0
963.951,0.000264873,2.0
964.491,0.000264859,2.0
965.041,0.000264767,2.0
965.561,0.00026467,2.0
966.091,0.000264646,2.0
966.631,0.000264521,2.0
967.151,0.000264587,2.0
967.691,0.000264478,2.0
968.191,0.000264555,2.0
968.701,0.000264417,2.0
969.221,0.000264455,2.0
969.741,0.000264438,2.0
970.251,0.000264312,2.0
970.751,0.000264339,2.0
971.301,0.000264255,2.0
971.841,0.000264343,2.0
972.361,0.00026427,2.0
972.881,0.000264355,2.0
973.421,0.000264349,2.0
973.961,0.000264492,2.0
974.491,0.000264205,2.0
975.021,0.000264109,2.0
975.591,0.000264193,2.0
976.131,0.000264115,2.0
976.651,0.000263968,2.0
977.181,0.000264245,2.0
977.711,0.00026407,2.0
978.251,0.000264041,2.0
978.801,0.000263983,2.0
979.330,0.000263876,2.0
979.890,0.000264012,2.0
980.390,0.000263882,2.0
980.890,0.000263798,2.0
981.450,0.000263861,2.0
982.020,0.000263916,2.0
982.580,0.000263851,2.0
983.120,0.000263883,2.0
983.690,0.000263753,2.0
984.290,0.000263747,2.0
984.890,0.000263686,2.0
985.450,0.000263584,2.0
985.970,0.000263534,2.0
986.490,0.000263546,2.0
987.010,0.000263547,2.0
987.530,0.000263586,2.0
988.050,0.000263556,2.0
988.550,0.000263662,2.0
989.080,0.000263642,2.0
989.610,0.000263498,2.0
990.130,0.000263642,2.0
990.750,0.000263507,2.0
991.270,0.0002636,2.0
991.760,0.000263511,2.0
992.280,0.000263411,2.0
992.800,0.000263524,2.0
993.350,0.000263425,2.0
993.920,0.00026354,2.0
994.460,0.000263391,2.0
995.000,0.000263364,2.0
995.529,0.000263218,2.0
996.049,0.000263332,2.0
996.579,0.000263399,2.0
997.129,0.000263376,2.0
997.659,0.000263261,2.0
998.189,0.000263172,2.0
998.729,0.000263221,2.0
999.269,0.000263191,2.0
999.799,0.000263096,2.0
1000.349,0.000263212,2.0
1000.889,0.000263309,2.0
1001.419,0.000263151,2.0
1001.929,0.000263109,2.0
1002.449,0.000263031,2.0
1002.979,0.000263082,2.0
1003.489,0.000262971,2.0
1004.019,0.000263026,2.0
1004.529,0.000262947,2.0
1005.039,0.000262948,2.0
1005.579,0.000263107,2.0
1006.159,0.000262986,2.0
1006.679,0.000262756,2.0
1007.209,0.000262878,2.0
1007.749,0.000262853,2.0
1008.279,0.000262901,2.0
1008.819,0.000262817,2.0
1009.339,0.000262941,2.0
1009.859,0.00026271,2.0
1010.399,0.000262769,2.0
1010.909,0.000262692,2.0
1011.439,0.00026274,2.0
1011.949,0.000262934,2.0
1012.478,0.000262902,2.0
1013.028,0.000262666,2.0
1013.588,0.000262606,2.0
1014.118,0.000262636,2.0
1014.648,0.000262606,2.0
1015.158,0.000262785,2.0
1015.658,0.000262643,2.0
1016.198,0.000262805,2.0
1016.738,0.000262694,2.0
1017.268,0.000262607,2.0
1017.838,0.00026247,2.0
1018.398,0.000262375,2.0
1018.948,0.000262375,2.0
1019.488,0.000262343,2.0
1020.028,0.000262357,2.0
1020.558,0.000262436,2.0
1021.088,0.000262363,2.0
1021.638,0.000262188,2.0
1022.188,0.000262135,2.0
1022.738,0.000262048,2.0
1023.238,0.000261898,2.0
1023.718,0.000261501,2.0
1024.278,0.000261382,2.0
1024.818,0.000261198,2.0
1025.358,0.000260907,2.0
1025.878,0.000260667,2.0
1026.388,0.000260336,2.0
1026.938,0.000259892,2.0
1027.488,0.000259224,2.0
1028.008,0.000258982,2.0
1028.537,0.000258596,2.0
1029.087,0.00025792,2.0
1029.607,0.000257505,2.0
1030.137,0.000257249,2.0
1030.667,0.000256995,2.0
1031.187,0.000256723,2.0
1031.717,0.000256306,2.0
1032.237,0.000255939,2.0
1032.787,0.000255781,2.0
1033.317,0.000255458,2.0
1033.837,0.000255181,2.0
1034.447,0.000254914,2.0
1035.027,0.000254502,2.0
1035.537,0.000254335,2.0
1036.037,0.000254024,2.0
1036.557,0.000253896,2.0
1037.147,0.000253447,2.0
1037.677,0.000253226,2.0
1038.227,0.000253048,2.0
1038.777,0.000252808,2.0
1039.357,0.000252619,2.0
1039.887,0.000252473,2.0
1040.417,0.000252407,2.0
1040.947,0.000251998,2.0
1041.487,0.000252061,2.0
1042.007,0.000251906,2.0
1042.537,0.000251726,2.0
1043.087,0.000251609,2.0
1043.617,0.00025135,2.0
1044.117,0.000251309,2.0
1044.627,0.000251154,2.0
1045.176,0.000250897,2.0
1045.706,0.000250791,2.0
1046.226,0.000250422,2.0
1046.746,0.00025048,2.0
1047.266,0.000250417,2.0
1047.786,0.000250093,2.0
1048.306,0.000250045,2.0
1048.836,0.000249876,2.0
1049.366,0.000249863,2.0
1049.906,0.000249676,2.0
1050.426,0.000249721,2.0
1050.956,0.000249642,2.0
1051.486,0.000249455,2.0
1052.036,0.000249429,2.0
1052.606,0.000249165,2.0
1053.146,0.000249094,2.0
1053.666,0.000248984,2.0
1054.206,0.000248944,2.0
1054.736,0.000248889,2.0
1055.266,0.000248777,2.0
1055.786,0.000248641,2.0
1056.336,0.000248535,2.0
1056.836,0.000248414,2.0
1057.346,0.000248302,2.0
1057.906,0.000248342,2.0
1058.436,0.000248255,2.0
1058.956,0.000248147,2.0
1059.496,0.000248184,2.0
1060.016,0.000248179,2.0
1060.556,0.00024806,2.0
1061.086,0.000248024,2.0
1061.615,0.000247872,2.0
1062.145,0.000247964,2.0
1062.695,0.000247809,2.0
1063.215,0.000247892,2.0
1063.725,0.000247681,2.0
1064.255,0.000247723,2.0
1064.785,0.000247638,2.0
1065.325,0.000247538,2.0
1065.845,0.000247581,2.0
1066.365,0.000247575,2.0
1066.905,0.000247477,2.0
1067.465,0.000247408,2.0
1068.025,0.000247482,2.0
1068.545,0.000247345,2.0
1069.085,0.000247338,2.0
1069.595,0.000247442,2.0
1070.105,0.000247146,2.0
1070.655,0.000247116,2.0
1071.175,0.000247012,2.0
1071.715,0.000246871,2.0
1072.255,0.000246992,2.0
1072.785,0.000246948,2.0
1073.305,0.000246857,2.0
1073.835,0.000246773,2.0
1074.385,0.000246549,2.0
1074.915,0.000246502,2.0
1075.485,0.000246541,2.0
1076.035,0.000246507,2.0
1076.575,0.000246627,2.0
1077.145,0.000246421,2.0
1077.695,0.000246377,2.0
1078.224,0.000246356,2.0
1078.764,0.00024636,2.0
1079.314,0.000246179,2.0
1079.854,0.000246177,2.0
1080.394,0.00024614,2.0
1080.944,0.000246223,2.0
1081.494,0.000246298,2.0
1082.054,0.00024627,2.0
1082.594,0.000246073,2.0
1083.164,0.000246185,2.0
1083.724,0.000246159,2.0
1084.284,0.00024616,2.0
1084.844,0.000245962,2.0
1085.414,0.000245981,2.0
1085.944,0.000245923,2.0
1086.464,0.000245891,2.0
1087.004,0.000245785,2.0
1087.564,0.000245825,2.0
1088.124,0.000245768,2.0
1088.684,0.000245652,2.0
1089.244,0.000245633,2.0
1089.824,0.000245464,2.0
1090.374,0.000245578,2.0
1090.914,0.000245484,2.0
1091.474,0.000245582,2.0
1092.034,0.000245408,2.0
1092.594,0.000245618,2.0
1093.144,0.000245216,2.0
1093.704,0.000245503,2.0
1094.264,0.000245438,2.0
1094.853,0.000245186,2.0
1095.403,0.000245349,2.0
1095.963,0.00024532,2.0
1096.513,0.000245187,2.0
1097.063,0.00024513,2.0
1097.653,0.000245095,2.0
1098.183,0.000244995,2.0
1098.753,0.000244896,2.0
1099.333,0.000244977,2.0
1099.953,0.000245026,2.0
1100.513,0.0002448,2.0
1101.073,0.000244859,2.0
1101.643,0.000244867,2.0
1102.193,0.000244637,2.0
1102.753,0.000244731,2.0
1103.303,0.000244611,2.0
1103.863,0.000244794,2.0
1104.413,0.000244714,2.0
1104.973,0.000244466,2.0
1105.543,0.000244586,2.0
1106.113,0.000244607,2.0
1106.673,0.000244478,2.0
1107.233,0.000244447,2.0
1107.783,0.000244721,2.0
1108.333,0.000244681,2.0
1108.883,0.000244604,2.0
1109.433,0.000244511,2.0
1110.023,0.00024454,2.0
1110.583,0.000244576,2.0
1111.132,0.000244539,2.0
1111.682,0.000244292,2.0
1112.222,0.000244281,2.0
1112.772,0.000244478,2.0
1113.342,0.00024425,2.0
1113.932,0.000244206,2.0
1114.482,0.000244423,2.0
1115.032,0.000244341,2.0
1115.642,0.000244379,2.0
1116.192,0.000244235,2.0
1116.742,0.000244188,2.0
1117.292,0.00024423,2.0
1117.862,0.000244209,2.0
1118.402,0.000244143,2.0
1118.952,0.000244023,2.0
1119.502,0.000244011,2.0
1120.072,0.000244356,2.0
1120.612,0.000243995,2.0
1121.132,0.000244104,2.0
1121.702,0.000244106,2.0
1122.262,0.000243953,2.0
1122.812,0.000243958,2.0
1123.372,0.000243955,2.0
1123.902,0.000243866,2.0
1124.472,0.000243998,2.0
1125.012,0.000243938,2.0
1125.582,0.000243871,2.0
1126.142,0.000243934,2.0
1126.722,0.000243882,2.0
1127.251,0.000243974,2.0
1127.761,0.000243846,2.0
1128.321,0.000243813,2.0
1128.881,0.000243689,2.0
1129.471,0.000243955,2.0
1130.021,0.000243615,2.0
1130.581,0.000243927,2.0
1131.141,0.000243678,2.0
1131.691,0.000243759,2.0
1132.261,0.000243561,2.0
1132.781,0.000243603,2.0
1133.331,0.000243273,2.0
1133.861,0.00024338,2.0
1134.431,0.000243633,2.0
1134.981,0.000243368,2.0
1135.531,0.000243363,2.0
1136.081,0.000243379,2.0
1136.641,0.000243223,2.0
1137.181,0.000243174,2.0
1137.751,0.000243258,2.0
1138.311,0.000243288,2.0
1138.871,0.000243275,2.0
1139.411,0.000243233,2.0
1139.941,0.000243146,2.0
1140.511,0.000243031,2.0
1141.031,0.000242941,2.0
1141.581,0.000242889,2.0
1142.151,0.000242954,2.0
1142.701,0.000242809,2.0
1143.271,0.000242752,2.0
1143.840,0.000242854,2.0
1144.420,0.000242958,2.0
1145.000,0.000242991,2.0
1145.590,0.000242925,2.0
1146.120,0.000242945,2.0
1146.690,0.000242929,2.0
1147.250,0.000243022,2.0
1147.820,0.000242897,2.0
1148.400,0.000242897,2.0
1148.980,0.000242757,2.0
1149.550,0.000242805,2.0
1150.150,0.000242922,2.0
1150.690,0.000242794,2.0
1151.270,0.000242827,2.0
1151.870,0.000242977,2.0
1152.440,0.000242785,2.0
1153.020,0.000242897,2.0
1153.580,0.000242876,2.0
1154.160,0.000242847,2.0
1154.760,0.000242754,2.0
1155.320,0.000242834,2.0
1155.900,0.000242932,2.0
1156.450,0.000242633,2.0
1157.020,0.000242714,2.0
1157.600,0.000242674,2.0
1158.200,0.000242531,2.0
1158.770,0.00024245,2.0
1159.340,0.000242485,2.0
1159.880,0.000242541,2.0
1160.489,0.000242532,2.0
1161.049,0.000242382,2.0
1161.619,0.000242385,2.0
1162.189,0.000242476,2.0
1162.749,0.000242512,2.0
1163.309,0.0002424,2.0
1163.869,0.000242214,2.0
1164.479,0.000242344,2.0
1165.029,0.000242147,2.0
1165.589,0.000242094,2.0
1166.189,0.000242282,2.0
1166.779,0.000241984,2.0
1167.349,0.000242124,2.0
1167.889,0.000242106,2.0
1168.449,0.000241917,2.0
1169.029,0.000242029,2.0
1169.599,0.000242172,2.0
1170.139,0.000242021,2.0
1170.689,0.000242169,2.0
1171.259,0.000242224,2.0
1171.829,0.000242007,2.0
1172.399,0.000241911,2.0
1172.979,0.000241926,2.0
1173.559,0.000241933,2.0
1174.129,0.000241874,2.0
1174.699,0.000241699,2.0
1175.279,0.000241818,2.0
1175.889,0.000241642,2.0
1176.469,0.000241765,2.0
1177.038,0.000241518,2.0
1177.678,0.00024171,2.0
1178.318,0.000241565,2.0
1178.888,0.000241532,2.0
1179.458,0.000241604,2.0
1180.018,0.000241606,2.0
1180.598,0.000241767,2.0
1181.208,0.000241548,2.0
1181.768,0.000241525,2.0
1182.348,0.000241586,2.0
1182.918,0.000241592,2.0
1183.448,0.000241461,2.0
1184.018,0.000241489,2.0
1184.598,0.000241729,2.0
1185.168,0.000241567,2.0
1185.738,0.000241438,2.0
1186.328,0.000241438,2.0
1186.898,0.000241445,2.0
1187.478,0.000241485,2.0
1188.048,0.00024141,2.0
1188.598,0.000241499,2.0
1189.158,0.000241452,2.0
1189.718,0.000241432,2.0
1190.288,0.000241334,2.0
1190.848,0.000241321,2.0
1191.448,0.000241212,2.0
1192.018,0.000241256,2.0
1192.608,0.000241333,2.0
1193.177,0.000241232,2.0
1193.727,0.000241345,2.0
1194.307,0.000241313,2.0
1194.877,0.000241216,2.0
1195.457,0.000241231,2.0
1196.017,0.000241302,2.0
1196.617,0.000241129,2.0
1197.207,0.000241182,2.0
1197.797,0.000241221,2.0
1198.357,0.000241126,2.0
1198.927,0.00024099,2.0
1199.527,0.000241001,2.0
1200.127,0.000241158,2.0
1200.707,0.000240974,2.0
1201.267,0.00024089,2.0
1201.837,0.000240749,2.0
1202.417,0.000240884,2.0
1202.977,0.000240889,2.0
1203.577,0.000240929,2.0
1204.147,0.000240775,2.0
1204.727,0.000240842,2.0
1205.297,0.000240935,2.0
1205.887,0.000240819,2.0
1206.467,0.000240669,2.0
1207.067,0.000240738,2.0
1207.637,0.000240721,2.0
1208.237,0.000240502,2.0
1208.827,0.000240645,2.0
1209.417,0.000240589,2.0
1210.006,0.000240537,2.0
1210.596,0.000240589,2.0
1211.156,0.000240498,2.0
1211.726,0.000240508,2.0
1212.296,0.000240568,2.0
1212.876,0.000240411,2.0
1213.436,0.000240567,2.0
1214.006,0.000240513,2.0
1214.576,0.000240653,2.0
1215.146,0.000240582,2.0
1215.716,0.000240483,2.0
1216.286,0.000240552,2.0
1216.856,0.000240524,2.0
1217.436,0.000240437,2.0
1218.016,0.000240521,2.0
1218.596,0.000240362,2.0
1219.166,0.000240372,2.0
1219.736,0.000240469,2.0
1220.326,0.000240259,2.0
1220.886,0.000240208,2.0
1221.466,0.000240127,2.0
1222.046,0.000240176,2.0
1222.686,0.00024013,2.0
1223.296,0.000240221,2.0
1223.856,0.000240147,2.0
1224.446,0.000240115,2.0
1224.996,0.000240165,2.0
1225.566,0.000240275,2.0
1226.145,0.000240309,2.0
1226.725,0.000240382,2.0
1227.295,0.000240359,2.0
1227.885,0.000240357,2.0
1228.475,0.000240519,2.0
1229.045,0.000240636,2.0
1229.615,0.000240531,2.0
1230.195,0.000240743,2.0
1230.765,0.000240836,2.0
1231.345,0.000240815,2.0
1231.935,0.000240797,2.0
1232.535,0.000240897,2.0
1233.155,0.000240873,2.0
1233.745,0.00024087,2.0
1234.325,0.000241115,2.0
1234.885,0.000241159,2.0
1235.455,0.000241355,2.0
1236.035,0.000241419,2.0
1236.605,0.000241557,2.0
1237.175,0.000241816,2.0
1237.785,0.000241643,2.0
1238.325,0.000241741,2.0
1238.885,0.000241762,2.0
1239.475,0.000241952,2.0
1240.045,0.000242007,2.0
1240.625,0.000242077,2.0
1241.205,0.000242233,2.0
1241.795,0.000242107,2.0
1242.345,0.000242195,2.0
1242.924,0.000242193,2.0
1243.514,0.000242225,2.0
1244.094,0.000242341,2.0
1244.684,0.000242691,2.0
1245.274,0.000242761,2.0
1245.834,0.000243014,2.0
1246.394,0.000242982,2.0
1246.964,0.000243148,2.0
1247.544,0.000243367,2.0
1248.124,0.000243456,2.0
1248.714,0.000243341,2.0
1249.294,0.000243518,2.0
1249.884,0.000243999,2.0
1250.464,0.000244217,2.0
1251.014,0.000244424,2.0
1251.574,0.000244675,2.0
1252.154,0.000244801,2.0
1252.724,0.000245097,2.0
1253.334,0.000245558,2.0
1253.904,0.000245867,2.0
1254.484,0.000246057,2.0
1255.054,0.000246391,2.0
1255.594,0.000246861,2.0
1256.154,0.000246974,2.0
1256.754,0.000247244,2.0
1257.324,0.000247639,2.0
1257.904,0.000247864,2.0
1258.484,0.000248003,2.0
1259.063,0.000248362,2.0
1259.653,0.000248705,2.0
1260.223,0.000248981,2.0
1260.783,0.000248973,2.0
1261.343,0.000249244,2.0
1261.943,0.000249742,2.0
1262.523,0.000250012,2.0
1263.113,0.000250121,2.0
1263.703,0.000250313,2.0
1264.293,0.000250533,2.0
1264.833,0.000250696,2.0
1265.433,0.000250998,2.0
1265.993,0.000251131,2.0
1266.573,0.000251325,2.0
1267.153,0.000251363,2.0
1267.713,0.000251613,2.0
1268.303,0.000251917,2.0
1268.893,0.000252036,2.0
1269.483,0.000252041,2.0
1270.053,0.000252204,2.0
1270.643,0.000252186,2.0
1271.243,0.000252477,2.0
1271.843,0.000252659,2.0
1272.433,0.000252612,2.0
1272.983,0.000252737,2.0
1273.543,0.000252898,2.0
1274.103,0.000253167,2.0
1274.663,0.000253143,2.0
1275.243,0.000253326,2.0
1275.822,0.000253265,2.0
1276.422,0.000253352,2.0
1276.982,0.000253394,2.0
1277.562,0.000253512,2.0
1278.132,0.00025362,2.0
1278.722,0.000253742,2.0
1279.292,0.00025373,2.0
1279.872,0.000253868,2.0
1280.452,0.000253897,2.0
1281.022,0.000253892,2.0
1281.602,0.000254085,2.0
1282.152,0.000254005,2.0
1282.722,0.00025387,2.0
1283.302,0.000253903,2.0
1283.872,0.000254087,2.0
1284.482,0.000253974,2.0
1285.062,0.000253904,2.0
1285.622,0.00025404,2.0
1286.192,0.000254019,2.0
1286.742,0.000253909,2.0
1287.302,0.000253985,2.0
1287.892,0.000253948,2.0
1288.472,0.000253879,2.0
1289.072,0.000254023,2.0
1289.682,0.000253967,2.0
1290.252,0.000254058,2.0
1290.822,0.000253763,2.0
1291.372,0.000253925,2.0
1291.941,0.000253884,2.0
1292.531,0.000253898,2.0
1293.161,0.00025391,2.0
1293.761,0.000253811,2.0
1294.371,0.00025389,2.0
1294.921,0.000253577,2.0
1295.521,0.0002536,2.0
1296.111,0.000253447,2.0
1296.681,0.00025336,2.0
1297.261,0.000253347,2.0
1297.851,0.000253401,2.0
1298.421,0.000253334,2.0
1299.021,0.000253351,2.0
1299.621,0.000253372,2.0
1300.181,0.000253286,2.0
1300.751,0.000253189,2.0
1301.321,0.000253246,2.0
1301.901,0.000253159,2.0
1302.471,0.000253094,2.0
1303.051,0.000253069,2.0
1303.631,0.00025286,2.0
1304.181,0.00025288,2.0
1304.741,0.000252802,2.0
1305.311,0.000252794,2.0
1305.891,0.000252821,2.0
1306.481,0.000252755,2.0
1307.061,0.000252671,2.0
1307.631,0.000252739,2.0
1308.201,0.000252591,2.0
1308.790,0.000252477,2.0
1309.330,0.000252563,2.0
1309.910,0.000252768,2.0
1310.490,0.000252521,2.0
1311.070,0.000252546,2.0
1311.650,0.000252557,2.0
1312.250,0.00025264,2.0
1312.830,0.000252243,2.0
1313.390,0.000252231,2.0
1313.970,0.000252274,2.0
1314.560,0.0002522,2.0
1315.170,0.000252274,2.0
1315.750,0.000252074,2.0
1316.320,0.000252078,2.0
1316.900,0.000252089,2.0
1317.480,0.000252116,2.0
1318.090,0.000252048,2.0
1318.660,0.000251979,2.0
1319.210,0.00025192,2.0
1319.780,0.000251838,2.0
1320.380,0.000251905,2.0
1320.960,0.000251691,2.0
1321.560,0.000251865,2.0
1322.140,0.000251852,2.0
1322.720,0.00025175,2.0
1323.260,0.00025174,2.0
1323.840,0.000251763,2.0
1324.400,0.00025172,2.0
1324.979,0.00025165,2.0
1325.549,0.000251757,2.0
1326.159,0.000251627,2.0
1326.769,0.000251622,2.0
1327.309,0.000251695,2.0
1327.879,0.00025162,2.0
1328.479,0.000251534,2.0
1329.069,0.000251518,2.0
1329.649,0.000251303,2.0
1330.269,0.000251371,2.0
1330.839,0.000251318,2.0
1331.419,0.00025129,2.0
1331.979,0.000251273,2.0
1332.559,0.000251336,2.0
1333.129,0.000251377,2.0
1333.719,0.000251166,2.0
1334.309,0.000251067,2.0
1334.889,0.000250983,2.0
1335.469,0.000250945,2.0
1336.029,0.000250957,2.0
1336.619,0.000250832,2.0
1337.239,0.000250858,2.0
1337.919,0.000250788,2.0
1338.539,0.000250876,2.0
1339.119,0.000250837,2.0
1339.739,0.000250882,2.0
1340.339,0.000250732,2.0
1340.909,0.000250745,2.0
1341.498,0.000250747,2.0
1342.088,0.00025069,2.0
1342.698,0.00025053,2.0
1343.268,0.00025048,2.0
1343.878,0.000250418,2.0
1344.488,0.000250493,2.0
1345.088,0.000250422,2.0
1345.708,0.00025036,2.0
1346.298,0.000250354,2.0
1346.948,0.00025028,2.0
1347.598,0.000250148,2.0
1348.268,0.000250144,2.0
1348.898,0.000250324,2.0
1349.518,0.000250214,2.0
1350.158,0.000250263,2.0
1350.778,0.00025014,2.0
1351.388,0.000250185,2.0
1351.998,0.000249972,2.0
1352.588,0.000250129,2.0
1353.198,0.000250043,2.0
1353.818,0.000250039,2.0
1354.478,0.000249988,2.0
1355.138,0.000249878,2.0
1355.768,0.000249994,2.0
1356.398,0.000249938,2.0
1357.118,0.000249698,2.0
1357.777,0.000249751,2.0
1358.387,0.000249554,2.0
1359.047,0.00024958,2.0
1359.677,0.000249534,2.0
1360.277,0.000249575,2.0
1360.927,0.000249645,2.0
1361.577,0.000249537,2.0
1362.267,0.000249555,2.0
1362.897,0.000249355,2.0
1363.477,0.000249393,2.0
1364.087,0.000249579,2.0
1364.677,0.000249454,2.0
1365.267,0.000249453,2.0
1365.877,0.000249289,2.0
1366.507,0.0002493,2.0
1367.117,0.000249165,2.0
1367.757,0.000249188,2.0
1368.347,0.000249207,2.0
1368.947,0.000249064,2.0
1370.617,0.000248966,2.0
1371.257,0.000248791,2.0
1371.857,0.000248756,2.0
1372.457,0.000248847,2.0
1373.067,0.00024873,2.0
1373.677,0.000248606,2.0
1374.266,0.000248594,2.0
1374.886,0.000248524,2.0
1375.476,0.000248569,2.0
1376.116,0.000248604,2.0
1376.726,0.000248426,2.0
1377.296,0.000248555,2.0
1377.896,0.000248518,2.0
1378.516,0.000248482,2.0
1379.136,0.000248618,2.0
1379.756,0.000248708,2.0
1380.406,0.000248705,2.0
1380.986,0.000248513,2.0
1381.596,0.000248442,2.0
1382.286,0.000248226,2.0
1382.886,0.000248266,2.0
1383.486,0.0002483,2.0
1384.056,0.000248264,2.0
1384.636,0.00024821,2.0
1385.256,0.000248157,2.0
1385.846,0.000248172,2.0
1386.456,0.000248215,2.0
1387.056,0.000248053,2.0
1387.636,0.000247968,2.0
1388.286,0.000247989,2.0
1388.966,0.000247926,2.0
1389.566,0.000247763,2.0
1390.156,0.000247724,2.0
1390.745,0.000247715,2.0
1391.395,0.000247648,2.0
1391.985,0.000247657,2.0
1392.615,0.000247642,2.0
1393.215,0.000247394,2.0
1393.785,0.000247484,2.0
1394.375,0.000247405,2.0
1394.945,0.000247345,2.0
1395.545,0.000247431,2.0
1396.135,0.000247333,2.0
1396.735,0.000247515,2.0
1397.325,0.000247312,2.0
1397.895,0.000247394,2.0
1398.485,0.000247408,2.0
1399.105,0.000247445,2.0
1399.715,0.00024734,2.0
1400.315,0.000247241,2.0
1400.945,0.000247104,2.0
1401.505,0.00024717,2.0
1402.105,0.000247154,2.0
1402.725,0.000247072,2.0
1403.335,0.000247079,2.0
1403.945,0.000247043,2.0
1404.565,0.000246817,2.0
1405.145,0.000246868,2.0
1405.725,0.000246632,2.0
1406.355,0.000246618,2.0
1406.994,0.000246793,2.0
1407.574,0.000246676,2.0
1408.184,0.000246522,2.0
1408.764,0.000246537,2.0
1409.344,0.000246381,2.0
1409.954,0.00024649,2.0
1410.524,0.00024634,2.0
