# Time (sec),Drain (A),Drain (V)
0.000,0.000588344,2.0
0.520,0.000593807,2.0
1.020,0.000602705,2.0
1.640,0.0006119,2.0
2.140,0.000618045,2.0
2.600,0.000624174,2.0
3.160,0.000630915,2.0
3.600,0.000635329,2.0
4.110,0.000641599,2.0
4.560,0.000643668,2.0
5.020,0.00064834,2.0
5.530,0.000653049,2.0
6.010,0.000656958,2.0
6.560,0.000661414,2.0
7.090,0.000664747,2.0
7.650,0.000667984,2.0
8.190,0.000671803,2.0
8.619,0.000673068,2.0
9.039,0.000676365,2.0
9.499,0.000679146,2.0
9.959,0.000680637,2.0
10.369,0.000683218,2.0
10.799,0.000685558,2.0
11.249,0.000688065,2.0
11.729,0.000689996,2.0
12.219,0.000693181,2.0
12.699,0.000694681,2.0
13.239,0.000695862,2.0
13.719,0.000699269,2.0
14.219,0.000699663,2.0
14.709,0.000702875,2.0
15.219,0.000704913,2.0
15.769,0.00070539,2.0
16.259,0.000707076,2.0
16.759,0.000708234,2.0
17.279,0.000711055,2.0
17.799,0.000713742,2.0
18.349,0.000714339,2.0
18.809,0.000716184,2.0
19.289,0.000715481,2.0
19.779,0.000718651,2.0
20.279,0.000720062,2.0
20.739,0.000721123,2.0
21.329,0.000721787,2.0
21.839,0.000724205,2.0
22.319,0.000723507,2.0
22.769,0.000724157,2.0
23.249,0.000725065,2.0
23.789,0.000725431,2.0
24.249,0.000727416,2.0
24.718,0.000728191,2.0
25.228,0.000730904,2.0
25.838,0.000730265,2.0
26.438,0.000732753,2.0
26.968,0.000733107,2.0
27.568,0.00073386,2.0
28.168,0.000735179,2.0
28.748,0.000735425,2.0
29.328,0.000737594,2.0
29.858,0.000738753,2.0
30.418,0.000740324,2.0
31.028,0.000741044,2.0
31.558,0.000741651,2.0
32.058,0.000741802,2.0
32.598,0.000742781,2.0
33.128,0.000743928,2.0
33.688,0.000746491,2.0
34.228,0.000746895,2.0
34.788,0.000746552,2.0
35.338,0.000747775,2.0
35.908,0.000748477,2.0
36.458,0.000749487,2.0
36.948,0.000749595,2.0
37.458,0.000749891,2.0
37.958,0.000750092,2.0
38.468,0.000751077,2.0
38.968,0.000752566,2.0
39.478,0.000753003,2.0
39.938,0.000753409,2.0
40.428,0.000753987,2.0
40.888,0.000754427,2.0
41.387,0.000753982,2.0
41.877,0.000754436,2.0
42.357,0.000755695,2.0
42.907,0.000755558,2.0
43.387,0.000754868,2.0
43.877,0.000756345,2.0
44.407,0.000757444,2.0
44.947,0.000756928,2.0
45.437,0.000757976,2.0
45.937,0.000757784,2.0
46.497,0.000759497,2.0
46.967,0.000759025,2.0
47.457,0.000759754,2.0
47.967,0.000760339,2.0
48.477,0.000761074,2.0
49.177,0.000760765,2.0
49.687,0.000761802,2.0
50.207,0.000760745,2.0
50.697,0.000761343,2.0
51.217,0.000761883,2.0
51.697,0.000763479,2.0
52.197,0.000763572,2.0
52.707,0.000765895,2.0
53.207,0.000764328,2.0
53.717,0.000765086,2.0
54.257,0.000765388,2.0
54.757,0.00076599,2.0
55.267,0.000766139,2.0
55.827,0.000766184,2.0
56.347,0.000766953,2.0
56.887,0.000768241,2.0
57.397,0.000768725,2.0
57.947,0.000767734,2.0
58.527,0.000769298,2.0
59.067,0.000768354,2.0
59.637,0.000768893,2.0
60.147,0.00076884,2.0
60.677,0.00076948,2.0
61.217,0.000769547,2.0
61.807,0.000769569,2.0
62.367,0.00077062,2.0
62.917,0.000770591,2.0
63.457,0.000771196,2.0
64.007,0.000771518,2.0
64.557,0.000770175,2.0
65.107,0.000769717,2.0
65.667,0.000770446,2.0
66.207,0.000770453,2.0
66.746,0.000771466,2.0
67.296,0.000772569,2.0
67.856,0.000772285,2.0
68.406,0.000771317,2.0
68.946,0.000772172,2.0
69.516,0.000771751,2.0
70.036,0.000772902,2.0
70.576,0.000773431,2.0
71.146,0.000775077,2.0
71.746,0.000773385,2.0
72.286,0.000775294,2.0
72.846,0.000775177,2.0
73.356,0.000776399,2.0
73.846,0.000777659,2.0
74.346,0.000776773,2.0
74.836,0.000777626,2.0
75.336,0.000777079,2.0
75.816,0.000778488,2.0
76.296,0.000777884,2.0
76.816,0.000778019,2.0
77.336,0.000778099,2.0
77.836,0.000779111,2.0
78.366,0.00077862,2.0
78.886,0.000779481,2.0
79.386,0.000779569,2.0
79.886,0.000779741,2.0
80.396,0.000778685,2.0
80.926,0.000778681,2.0
81.436,0.000779375,2.0
81.976,0.00077886,2.0
82.495,0.000779871,2.0
82.995,0.000779175,2.0
83.515,0.000779736,2.0
84.035,0.000780177,2.0
84.555,0.000781351,2.0
85.075,0.000781478,2.0
85.585,0.000779939,2.0
86.095,0.000779325,2.0
86.615,0.000780305,2.0
87.115,0.000780503,2.0
87.625,0.000780078,2.0
88.135,0.000781217,2.0
88.645,0.000780355,2.0
89.165,0.000781169,2.0
89.665,0.000780618,2.0
90.185,0.000781262,2.0
90.685,0.00078181,2.0
91.215,0.000781369,2.0
91.725,0.000781672,2.0
92.265,0.000782121,2.0
92.785,0.000782479,2.0
93.335,0.000782634,2.0
93.835,0.000781908,2.0
94.375,0.00078295,2.0
94.905,0.000782361,2.0
95.415,0.000783826,2.0
95.955,0.000785038,2.0
96.505,0.000783767,2.0
97.025,0.000782903,2.0
97.575,0.000784727,2.0
98.115,0.000785953,2.0
98.644,0.000785024,2.0
99.154,0.00078428,2.0
99.664,0.000784409,2.0
100.194,0.000785164,2.0
100.734,0.000785217,2.0
101.254,0.000784318,2.0
101.784,0.000785252,2.0
102.324,0.000784357,2.0
102.854,0.000784045,2.0
103.394,0.000783701,2.0
103.914,0.000786099,2.0
104.444,0.0007853,2.0
104.964,0.000785805,2.0
105.534,0.000785981,2.0
106.034,0.000786582,2.0
106.534,0.000786376,2.0
107.054,0.00078658,2.0
107.594,0.000786254,2.0
108.084,0.00078508,2.0
108.594,0.000786418,2.0
109.124,0.000786033,2.0
109.644,0.000786958,2.0
110.174,0.000785924,2.0
110.694,0.000785898,2.0
111.224,0.000786384,2.0
111.714,0.000786065,2.0
112.224,0.00078614,2.0
112.754,0.000786954,2.0
113.244,0.000788134,2.0
113.734,0.000787448,2.0
114.264,0.000787834,2.0
114.774,0.000787557,2.0
115.303,0.000786604,2.0
115.813,0.000786618,2.0
116.333,0.000787259,2.0
116.883,0.000787816,2.0
117.423,0.000786421,2.0
117.973,0.000786444,2.0
118.533,0.000787419,2.0
119.063,0.000787353,2.0
119.613,0.000786523,2.0
120.153,0.000787107,2.0
120.683,0.000787498,2.0
121.233,0.000788629,2.0
121.783,0.000788375,2.0
122.323,0.00078868,2.0
122.923,0.000788848,2.0
123.483,0.000789474,2.0
124.033,0.000791295,2.0
124.593,0.000789896,2.0
125.143,0.000789092,2.0
125.673,0.000788572,2.0
126.263,0.000787288,2.0
126.823,0.000787745,2.0
127.393,0.000786263,2.0
127.953,0.000785223,2.0
128.533,0.000785912,2.0
129.113,0.000786408,2.0
129.683,0.000787162,2.0
130.253,0.000788513,2.0
130.813,0.000788883,2.0
131.392,0.000789297,2.0
131.922,0.000789313,2.0
132.452,0.000789849,2.0
132.992,0.000789479,2.0
133.582,0.000789783,2.0
134.162,0.000789988,2.0
134.732,0.00079013,2.0
135.312,0.000790718,2.0
135.902,0.000790999,2.0
136.522,0.000790176,2.0
137.112,0.000789326,2.0
137.712,0.000790231,2.0
138.302,0.000789717,2.0
138.922,0.000789834,2.0
139.512,0.000789714,2.0
140.092,0.000790224,2.0
140.702,0.000790775,2.0
141.292,0.000790164,2.0
141.872,0.000790416,2.0
142.432,0.000790851,2.0
143.032,0.000790566,2.0
143.622,0.000790508,2.0
144.212,0.000790982,2.0
144.792,0.000791144,2.0
145.372,0.00079173,2.0
145.942,0.000791888,2.0
146.512,0.000792857,2.0
147.042,0.000792954,2.0
147.492,0.000793079,2.0
147.981,0.000793667,2.0
148.441,0.000793681,2.0
148.901,0.000794488,2.0
149.401,0.000793827,2.0
149.871,0.000793987,2.0
150.351,0.000793719,2.0
150.821,0.000793898,2.0
151.391,0.000794383,2.0
151.841,0.000793749,2.0
152.291,0.000793056,2.0
152.771,0.000793151,2.0
153.281,0.000793376,2.0
153.781,0.000794787,2.0
154.261,0.000794556,2.0
154.731,0.000794207,2.0
155.201,0.000794558,2.0
155.681,0.00079412,2.0
156.151,0.000794688,2.0
156.591,0.000794909,2.0
157.051,0.000795733,2.0
157.541,0.000794588,2.0
158.031,0.000795604,2.0
158.541,0.000795746,2.0
159.031,0.000794909,2.0
159.521,0.000794328,2.0
160.031,0.00079411,2.0
160.531,0.000792797,2.0
160.991,0.000793171,2.0
161.521,0.000792701,2.0
161.991,0.000793139,2.0
162.481,0.000793651,2.0
162.941,0.000793413,2.0
163.411,0.000792137,2.0
163.851,0.000793821,2.0
164.320,0.000795357,2.0
164.810,0.000795624,2.0
165.290,0.000795476,2.0
165.770,0.000795184,2.0
166.250,0.000796144,2.0
166.730,0.000795192,2.0
167.210,0.000795399,2.0
167.700,0.000795624,2.0
168.220,0.000795581,2.0
168.750,0.000795333,2.0
169.240,0.00079641,2.0
169.730,0.00079512,2.0
170.220,0.000795635,2.0
170.680,0.000795624,2.0
171.160,0.00079579,2.0
171.630,0.000795745,2.0
172.160,0.000795295,2.0
172.660,0.000793929,2.0
173.170,0.000794637,2.0
173.670,0.000795304,2.0
174.160,0.000793743,2.0
174.660,0.000797699,2.0
175.140,0.000796174,2.0
175.640,0.000795326,2.0
176.120,0.000795344,2.0
176.640,0.000795726,2.0
177.120,0.000796318,2.0
177.610,0.000795206,2.0
178.100,0.000795338,2.0
178.570,0.000794415,2.0
179.070,0.000795205,2.0
179.530,0.000795097,2.0
180.000,0.000794694,2.0
180.520,0.000793779,2.0
180.999,0.000794567,2.0
181.489,0.000794598,2.0
181.959,0.000794636,2.0
182.399,0.00079675,2.0
182.839,0.000796186,2.0
183.259,0.000795647,2.0
183.709,0.000795503,2.0
184.169,0.000797182,2.0
184.619,0.000796677,2.0
185.079,0.000797691,2.0
185.529,0.000796826,2.0
185.979,0.000796485,2.0
186.419,0.000795597,2.0
186.869,0.000795418,2.0
187.279,0.000795257,2.0
187.719,0.000796041,2.0
188.169,0.000796103,2.0
188.599,0.00079602,2.0
189.039,0.000796998,2.0
189.459,0.000794703,2.0
189.859,0.000795022,2.0
190.289,0.000794736,2.0
190.729,0.000794572,2.0
191.189,0.000794872,2.0
191.619,0.000794381,2.0
192.049,0.00079597,2.0
192.469,0.000796537,2.0
192.909,0.000795549,2.0
193.359,0.000795937,2.0
193.799,0.000796289,2.0
194.249,0.000796238,2.0
194.669,0.00079722,2.0
195.119,0.000796288,2.0
195.559,0.000795339,2.0
196.009,0.000795958,2.0
196.469,0.000796102,2.0
196.909,0.000796708,2.0
197.348,0.000796277,2.0
197.778,0.000796337,2.0
198.238,0.000796447,2.0
198.698,0.000795782,2.0
199.148,0.000795104,2.0
199.638,0.000794497,2.0
200.098,0.000795413,2.0
200.548,0.000795565,2.0
200.988,0.000795165,2.0
201.408,0.0007969,2.0
201.858,0.000796121,2.0
202.318,0.000796292,2.0
202.768,0.000796151,2.0
203.228,0.00079581,2.0
203.668,0.000796064,2.0
204.108,0.000795356,2.0
204.528,0.000796443,2.0
204.988,0.000797226,2.0
205.458,0.000796555,2.0
205.908,0.000796703,2.0
206.368,0.000796187,2.0
206.838,0.000796275,2.0
207.258,0.000796257,2.0
207.678,0.00079684,2.0
208.158,0.000795449,2.0
208.598,0.000796168,2.0
209.058,0.000797986,2.0
209.488,0.000797548,2.0
209.928,0.000796193,2.0
210.388,0.000796876,2.0
210.798,0.000797044,2.0
211.248,0.000797714,2.0
211.728,0.000798197,2.0
212.188,0.000797662,2.0
212.628,0.000798293,2.0
213.088,0.000798211,2.0
213.548,0.000798341,2.0
213.987,0.000798427,2.0
214.407,0.000798448,2.0
214.857,0.000797951,2.0
215.317,0.000797898,2.0
215.747,0.000798362,2.0
216.187,0.000798537,2.0
216.627,0.000797951,2.0
217.107,0.000798601,2.0
217.547,0.000799527,2.0
217.967,0.000799189,2.0
218.437,0.000798391,2.0
218.877,0.000798734,2.0
219.347,0.0007987,2.0
219.797,0.000798233,2.0
220.247,0.000798719,2.0
220.697,0.000798975,2.0
221.117,0.0007998,2.0
221.567,0.000798804,2.0
222.017,0.000798498,2.0
222.497,0.00079865,2.0
222.957,0.000798336,2.0
223.427,0.000797336,2.0
223.867,0.000798559,2.0
224.327,0.000798844,2.0
224.757,0.00079793,2.0
225.187,0.000797026,2.0
225.647,0.000798109,2.0
226.107,0.000798137,2.0
226.557,0.000798337,2.0
226.997,0.000798472,2.0
227.437,0.000797478,2.0
227.837,0.000798074,2.0
228.267,0.000798076,2.0
228.707,0.000797557,2.0
229.167,0.000798815,2.0
229.607,0.000798548,2.0
230.096,0.000798092,2.0
230.546,0.000798134,2.0
230.976,0.000797874,2.0
231.426,0.000797209,2.0
231.876,0.000796608,2.0
232.326,0.000797193,2.0
232.766,0.000796851,2.0
233.226,0.000797089,2.0
233.666,0.000798047,2.0
234.076,0.000796591,2.0
234.526,0.000796348,2.0
234.966,0.000795807,2.0
235.396,0.000796282,2.0
235.876,0.000796858,2.0
236.336,0.000797341,2.0
236.776,0.000796348,2.0
237.196,0.000795022,2.0
237.646,0.000796165,2.0
238.106,0.000796169,2.0
238.566,0.000795625,2.0
239.196,0.000796447,2.0
239.736,0.000797025,2.0
240.286,0.000795678,2.0
240.796,0.000796754,2.0
241.326,0.000796187,2.0
241.856,0.000795271,2.0
242.366,0.000795362,2.0
242.866,0.000796731,2.0
243.356,0.000797141,2.0
243.826,0.000796524,2.0
244.326,0.000796342,2.0
244.796,0.000795935,2.0
245.316,0.000795152,2.0
245.776,0.000795388,2.0
246.256,0.000796859,2.0
246.715,0.000795448,2.0
247.195,0.000796561,2.0
247.645,0.000797281,2.0
248.085,0.000796425,2.0
248.565,0.000796074,2.0
249.045,0.00079615,2.0
249.525,0.000795453,2.0
249.985,0.000795212,2.0
250.435,0.0007951,2.0
250.905,0.000794525,2.0
251.375,0.000794457,2.0
251.855,0.000793374,2.0
252.285,0.000794483,2.0
252.725,0.000794483,2.0
253.185,0.000795213,2.0
253.665,0.000794365,2.0
254.135,0.000794108,2.0
254.595,0.000793052,2.0
255.065,0.000792345,2.0
255.515,0.000792387,2.0
255.975,0.000792725,2.0
256.405,0.000792571,2.0
256.865,0.000793334,2.0
257.355,0.000793564,2.0
257.825,0.00079294,2.0
258.295,0.000792215,2.0
258.785,0.000790589,2.0
259.255,0.000791981,2.0
259.718,0.000791777,2.0
260.166,0.000791432,2.0
260.636,0.000791764,2.0
261.116,0.000791146,2.0
261.596,0.000790575,2.0
262.046,0.000790317,2.0
262.516,0.000791104,2.0
262.996,0.000791327,2.0
263.446,0.000791293,2.0
263.966,0.00079146,2.0
264.446,0.000793076,2.0
264.886,0.000793362,2.0
265.366,0.000792127,2.0
265.815,0.000791751,2.0
266.295,0.000793104,2.0
266.765,0.000793754,2.0
267.235,0.00079327,2.0
267.695,0.000792732,2.0
268.155,0.000793521,2.0
268.615,0.000793629,2.0
269.055,0.000793366,2.0
269.535,0.000794578,2.0
269.995,0.000793109,2.0
270.475,0.000793912,2.0
270.935,0.000793428,2.0
271.455,0.000793961,2.0
271.935,0.000793395,2.0
272.405,0.000792502,2.0
272.905,0.000792152,2.0
273.375,0.000792137,2.0
273.815,0.000792468,2.0
274.265,0.000793863,2.0
274.735,0.00079447,2.0
275.195,0.00079285,2.0
275.645,0.000793216,2.0
276.155,0.000793264,2.0
276.615,0.00079322,2.0
277.075,0.00079304,2.0
277.565,0.000792272,2.0
278.045,0.00079172,2.0
278.555,0.00079174,2.0
279.015,0.00079114,2.0
279.465,0.000790999,2.0
279.925,0.000791007,2.0
280.395,0.000791166,2.0
280.855,0.000791007,2.0
281.315,0.000791252,2.0
281.795,0.00079147,2.0
282.264,0.000791779,2.0
282.744,0.000792319,2.0
283.194,0.000792229,2.0
283.614,0.000791733,2.0
284.094,0.000791347,2.0
284.564,0.000791992,2.0
285.044,0.000790522,2.0
285.514,0.000791504,2.0
286.004,0.000791383,2.0
286.564,0.000791249,2.0
287.134,0.00079118,2.0
287.694,0.000790235,2.0
288.184,0.000789196,2.0
288.654,0.00078894,2.0
289.164,0.000789273,2.0
289.664,0.00078903,2.0
290.144,0.00078976,2.0
290.614,0.000790002,2.0
291.094,0.000790524,2.0
291.634,0.000789682,2.0
292.114,0.000790639,2.0
292.584,0.000789541,2.0
293.034,0.000790006,2.0
293.524,0.000790138,2.0
294.004,0.000789704,2.0
294.484,0.000789622,2.0
294.964,0.000789562,2.0
295.464,0.000788293,2.0
295.944,0.000788115,2.0
296.434,0.000788281,2.0
296.924,0.000789411,2.0
297.394,0.000789933,2.0
297.864,0.000789529,2.0
298.344,0.000789984,2.0
298.813,0.000790632,2.0
299.273,0.000789477,2.0
299.773,0.000790061,2.0
300.273,0.000789336,2.0
300.753,0.000788984,2.0
301.243,0.00078882,2.0
301.723,0.000788699,2.0
302.193,0.000788749,2.0
302.673,0.000789419,2.0
303.143,0.000789325,2.0
303.633,0.000789413,2.0
304.113,0.000789753,2.0
304.603,0.000790064,2.0
305.083,0.000789053,2.0
305.553,0.000787907,2.0
306.013,0.000787714,2.0
306.473,0.000788348,2.0
306.973,0.000787592,2.0
307.473,0.000788732,2.0
307.953,0.000789207,2.0
308.443,0.000787611,2.0
308.913,0.000787482,2.0
309.393,0.000787922,2.0
309.883,0.000787649,2.0
310.363,0.000788407,2.0
310.833,0.000788187,2.0
311.303,0.000787555,2.0
311.783,0.00078781,2.0
312.213,0.000788472,2.0
312.693,0.000787331,2.0
313.183,0.000787581,2.0
313.653,0.000787127,2.0
314.153,0.000787525,2.0
314.623,0.000785762,2.0
315.112,0.000786773,2.0
315.612,0.000787872,2.0
316.092,0.000786983,2.0
316.592,0.000788424,2.0
317.072,0.000787407,2.0
317.532,0.00078788,2.0
318.002,0.00078694,2.0
318.462,0.000786917,2.0
318.942,0.000787393,2.0
319.422,0.000788921,2.0
319.912,0.000788389,2.0
320.392,0.000787878,2.0
320.862,0.000787445,2.0
321.352,0.000787913,2.0
321.822,0.000786254,2.0
322.352,0.000785791,2.0
322.832,0.000786209,2.0
323.332,0.000785916,2.0
323.822,0.00078591,2.0
324.302,0.000786385,2.0
324.792,0.000786674,2.0
325.252,0.000786359,2.0
325.782,0.000786432,2.0
326.372,0.000787144,2.0
326.862,0.000788038,2.0
327.322,0.000788964,2.0
327.802,0.000789188,2.0
328.272,0.000788357,2.0
328.752,0.000787014,2.0
329.252,0.000787195,2.0
329.742,0.000787642,2.0
330.243,0.000788562,2.0
330.723,0.000787218,2.0
331.213,0.000788481,2.0
331.713,0.000788341,2.0
332.183,0.000789124,2.0
332.663,0.000787625,2.0
333.123,0.000789083,2.0
333.603,0.000788915,2.0
334.073,0.000788443,2.0
334.563,0.000788116,2.0
335.063,0.000788184,2.0
335.583,0.000788116,2.0
336.083,0.000786817,2.0
336.573,0.000787472,2.0
337.093,0.000787452,2.0
337.613,0.0007873,2.0
338.093,0.000787021,2.0
338.603,0.00078765,2.0
339.123,0.000787534,2.0
339.643,0.000786024,2.0
340.163,0.000787133,2.0
340.673,0.000786577,2.0
341.163,0.000787183,2.0
341.673,0.000787487,2.0
342.173,0.000787252,2.0
342.693,0.000787851,2.0
343.192,0.000788652,2.0
343.682,0.000788364,2.0
344.212,0.000787382,2.0
344.702,0.000788954,2.0
345.192,0.000788323,2.0
345.712,0.000788377,2.0
346.212,0.000787666,2.0
346.722,0.00078945,2.0
347.212,0.000789559,2.0
347.712,0.00078836,2.0
348.212,0.000789179,2.0
348.712,0.000789119,2.0
349.262,0.000788995,2.0
349.762,0.000790112,2.0
350.282,0.000791112,2.0
350.812,0.000790353,2.0
351.312,0.000790949,2.0
351.862,0.00078898,2.0
352.352,0.000789776,2.0
352.892,0.000789799,2.0
353.392,0.000789224,2.0
353.872,0.000788786,2.0
354.362,0.000788948,2.0
354.872,0.000788931,2.0
355.362,0.000789018,2.0
355.832,0.000787823,2.0
356.312,0.000788218,2.0
356.812,0.000788314,2.0
357.302,0.000788133,2.0
357.822,0.000787973,2.0
358.322,0.000788199,2.0
358.802,0.000787945,2.0
359.302,0.000787507,2.0
359.791,0.0007873,2.0
360.291,0.00078727,2.0
360.811,0.000787311,2.0
361.331,0.00078796,2.0
361.851,0.000788044,2.0
362.361,0.000788498,2.0
362.851,0.000788882,2.0
363.351,0.000788331,2.0
363.851,0.000786141,2.0
364.291,0.000787697,2.0
364.721,0.000787451,2.0
365.181,0.000787817,2.0
365.651,0.000787857,2.0
366.081,0.000787138,2.0
366.521,0.000787609,2.0
366.941,0.000786197,2.0
367.351,0.000786349,2.0
367.791,0.000787381,2.0
368.271,0.000787756,2.0
368.711,0.000786124,2.0
369.161,0.000787799,2.0
369.611,0.000786335,2.0
370.041,0.000787133,2.0
370.441,0.000786618,2.0
370.911,0.000786238,2.0
371.401,0.000784706,2.0
371.871,0.000786358,2.0
372.301,0.000785245,2.0
372.761,0.000785795,2.0
373.221,0.000785882,2.0
373.690,0.000786196,2.0
374.108,0.000786295,2.0
374.548,0.000787309,2.0
374.978,0.00078717,2.0
375.418,0.000786474,2.0
375.868,0.00078601,2.0
376.318,0.000787153,2.0
376.738,0.000787359,2.0
377.208,0.00078727,2.0
377.648,0.000787463,2.0
378.068,0.000786711,2.0
378.498,0.000788265,2.0
378.918,0.000787112,2.0
379.328,0.000786526,2.0
379.788,0.00078676,2.0
380.238,0.000787292,2.0
380.698,0.000786799,2.0
381.148,0.000787284,2.0
381.608,0.000787883,2.0
382.038,0.000788573,2.0
382.488,0.000788319,2.0
382.928,0.000788194,2.0
383.428,0.000786918,2.0
383.888,0.000788666,2.0
384.348,0.000789111,2.0
384.788,0.000787778,2.0
385.248,0.000787889,2.0
385.678,0.000787315,2.0
386.098,0.000789021,2.0
386.548,0.000788308,2.0
386.978,0.000788522,2.0
387.458,0.000787593,2.0
387.908,0.000787568,2.0
388.358,0.00078729,2.0
388.778,0.000787075,2.0
389.228,0.000788008,2.0
389.678,0.000787206,2.0
390.137,0.000787373,2.0
390.597,0.00078793,2.0
391.067,0.000787723,2.0
391.527,0.000786799,2.0
391.977,0.000786407,2.0
392.397,0.000786191,2.0
392.867,0.000786399,2.0
393.327,0.000787728,2.0
393.777,0.000787665,2.0
394.247,0.000786496,2.0
394.687,0.000786084,2.0
395.147,0.000785869,2.0
395.607,0.000785083,2.0
396.037,0.000784353,2.0
396.527,0.000784255,2.0
396.997,0.000784882,2.0
397.457,0.000784836,2.0
397.937,0.000784781,2.0
398.387,0.000785017,2.0
398.907,0.000784506,2.0
399.377,0.000785154,2.0
399.857,0.000785432,2.0
400.287,0.00078475,2.0
400.727,0.0007854,2.0
401.177,0.000786977,2.0
401.627,0.000786875,2.0
402.117,0.000785599,2.0
402.597,0.000785834,2.0
403.077,0.000785452,2.0
403.537,0.000785799,2.0
404.017,0.000785905,2.0
404.477,0.000785633,2.0
404.917,0.000785794,2.0
405.377,0.000787597,2.0
405.847,0.000786874,2.0
406.297,0.000786058,2.0
406.766,0.000785111,2.0
407.216,0.000784483,2.0
407.656,0.000783801,2.0
408.086,0.000784347,2.0
408.526,0.000784225,2.0
408.986,0.000784427,2.0
409.446,0.000785425,2.0
409.916,0.000785477,2.0
410.406,0.000785772,2.0
410.886,0.00078535,2.0
411.336,0.000784997,2.0
411.766,0.000784236,2.0
412.226,0.00078591,2.0
412.686,0.00078428,2.0
413.156,0.000786402,2.0
413.596,0.000785671,2.0
414.076,0.000786322,2.0
414.536,0.000786431,2.0
414.996,0.000786589,2.0
415.426,0.000786198,2.0
415.876,0.000787236,2.0
416.316,0.000786605,2.0
416.776,0.000787985,2.0
417.236,0.000787253,2.0
417.686,0.000787447,2.0
418.156,0.000787626,2.0
418.596,0.000787493,2.0
419.036,0.000787578,2.0
419.496,0.000787987,2.0
419.966,0.000787739,2.0
420.416,0.000788647,2.0
420.876,0.000788146,2.0
421.346,0.00078769,2.0
421.826,0.000788063,2.0
422.256,0.000787916,2.0
422.716,0.000788265,2.0
423.175,0.00078784,2.0
423.655,0.000787915,2.0
424.095,0.000787456,2.0
424.565,0.000786666,2.0
425.025,0.000785642,2.0
425.485,0.000786136,2.0
425.905,0.000785924,2.0
426.345,0.000785893,2.0
426.795,0.000786049,2.0
427.265,0.000786096,2.0
427.725,0.000785859,2.0
428.195,0.000785804,2.0
428.635,0.000786558,2.0
429.095,0.000786151,2.0
429.575,0.000786164,2.0
429.995,0.000785898,2.0
430.455,0.000785587,2.0
430.915,0.000786505,2.0
431.365,0.000786451,2.0
431.815,0.000786343,2.0
432.275,0.00078752,2.0
432.735,0.000786756,2.0
433.155,0.000786083,2.0
433.585,0.000785599,2.0
434.045,0.00078571,2.0
434.515,0.000786726,2.0
434.975,0.000786805,2.0
435.455,0.000786425,2.0
435.925,0.000787575,2.0
436.375,0.000787171,2.0
436.815,0.000786138,2.0
437.255,0.000786219,2.0
437.725,0.00078553,2.0
438.185,0.000786295,2.0
438.685,0.000785909,2.0
439.145,0.000786575,2.0
439.604,0.000787297,2.0
440.074,0.000786717,2.0
440.544,0.000787045,2.0
441.004,0.000787525,2.0
441.424,0.000787374,2.0
441.894,0.000786338,2.0
442.354,0.000786731,2.0
442.824,0.000787274,2.0
443.264,0.00078824,2.0
443.724,0.000787684,2.0
444.194,0.000786792,2.0
444.684,0.00078702,2.0
445.114,0.000786887,2.0
445.554,0.000786221,2.0
446.024,0.0007868,2.0
446.484,0.00078692,2.0
446.944,0.000787609,2.0
447.404,0.00078694,2.0
447.844,0.000787082,2.0
448.324,0.000787749,2.0
448.774,0.000788136,2.0
449.234,0.000787545,2.0
449.674,0.000789003,2.0
450.134,0.000789347,2.0
450.614,0.000789121,2.0
451.074,0.000789407,2.0
451.534,0.000788908,2.0
451.984,0.000789347,2.0
452.474,0.000790199,2.0
452.944,0.00078999,2.0
453.374,0.000791091,2.0
453.834,0.00078977,2.0
454.274,0.00079093,2.0
454.754,0.000791774,2.0
455.204,0.000791665,2.0
455.664,0.000790302,2.0
456.113,0.000790741,2.0
456.563,0.000790989,2.0
456.973,0.000790579,2.0
457.453,0.000791118,2.0
457.903,0.00079145,2.0
458.353,0.000792805,2.0
458.793,0.000792537,2.0
459.253,0.000793161,2.0
459.703,0.000793308,2.0
460.183,0.000792552,2.0
460.613,0.000792412,2.0
461.083,0.000792602,2.0
461.543,0.000793732,2.0
462.023,0.000792569,2.0
462.473,0.000791924,2.0
462.933,0.000791091,2.0
463.393,0.000790904,2.0
463.843,0.00079181,2.0
464.263,0.000792353,2.0
464.733,0.000792276,2.0
465.243,0.00079267,2.0
465.693,0.000792402,2.0
466.163,0.000792797,2.0
466.653,0.000793048,2.0
467.113,0.000793346,2.0
467.563,0.000792631,2.0
468.013,0.000793551,2.0
468.463,0.000792086,2.0
468.903,0.00079327,2.0
469.353,0.000794381,2.0
469.803,0.000793676,2.0
470.263,0.000793487,2.0
470.713,0.000793684,2.0
471.183,0.000793949,2.0
471.633,0.000794333,2.0
472.043,0.000794771,2.0
472.513,0.000794938,2.0
472.973,0.000797452,2.0
473.423,0.000795989,2.0
473.873,0.000796076,2.0
474.333,0.000794835,2.0
474.783,0.000794724,2.0
475.363,0.000795182,2.0
475.833,0.000794361,2.0
476.272,0.000794893,2.0
476.752,0.000795436,2.0
477.262,0.000795329,2.0
477.752,0.000795027,2.0
478.252,0.00079376,2.0
478.712,0.000794914,2.0
479.202,0.000794685,2.0
479.662,0.000795631,2.0
480.132,0.000796641,2.0
480.602,0.000795995,2.0
481.062,0.000795611,2.0
481.542,0.000795428,2.0
481.972,0.000794964,2.0
482.432,0.000794455,2.0
482.902,0.000794308,2.0
483.372,0.000795814,2.0
483.862,0.000795785,2.0
484.352,0.00079603,2.0
484.812,0.000796094,2.0
485.302,0.000795921,2.0
485.782,0.000796093,2.0
486.262,0.000796233,2.0
486.762,0.000795919,2.0
487.242,0.000796626,2.0
487.682,0.000797228,2.0
488.162,0.000797637,2.0
488.652,0.000797321,2.0
489.122,0.000797766,2.0
489.622,0.000797234,2.0
490.102,0.000796791,2.0
490.632,0.000796154,2.0
491.092,0.000796591,2.0
491.582,0.000796851,2.0
492.052,0.000797082,2.0
492.522,0.000797206,2.0
492.961,0.000797242,2.0
493.421,0.000796468,2.0
493.891,0.000798627,2.0
494.371,0.000797436,2.0
494.831,0.000798224,2.0
495.311,0.000797799,2.0
495.771,0.000798013,2.0
496.231,0.000798788,2.0
496.701,0.000798606,2.0
497.141,0.000798023,2.0
497.611,0.000798782,2.0
498.081,0.000797733,2.0
498.571,0.000797268,2.0
499.041,0.000797611,2.0
499.521,0.000797443,2.0
500.021,0.000797393,2.0
500.481,0.000797422,2.0
500.981,0.000797213,2.0
501.471,0.000795881,2.0
501.935,0.000795858,2.0
502.403,0.000796965,2.0
502.843,0.000797267,2.0
503.294,0.000797671,2.0
503.774,0.000797454,2.0
504.244,0.000798163,2.0
504.714,0.000798316,2.0
505.194,0.00079862,2.0
505.754,0.000796983,2.0
506.223,0.000797013,2.0
506.693,0.000797408,2.0
507.173,0.00079739,2.0
507.643,0.000797125,2.0
508.113,0.000796858,2.0
508.583,0.000796713,2.0
509.063,0.000797422,2.0
509.513,0.000797938,2.0
509.983,0.000796823,2.0
510.453,0.000796558,2.0
510.933,0.000795445,2.0
511.423,0.000795988,2.0
511.903,0.000795784,2.0
512.363,0.000796621,2.0
512.833,0.000795852,2.0
513.343,0.00079599,2.0
513.823,0.000797495,2.0
514.303,0.000797614,2.0
514.743,0.000795803,2.0
515.203,0.000795332,2.0
515.683,0.000795079,2.0
516.163,0.000794376,2.0
516.623,0.000795168,2.0
517.103,0.000795088,2.0
517.583,0.000795405,2.0
518.063,0.000795804,2.0
518.533,0.000796115,2.0
519.003,0.000794326,2.0
519.473,0.00079563,2.0
519.923,0.000795351,2.0
520.353,0.000794804,2.0
520.843,0.000794317,2.0
521.333,0.000795373,2.0
521.823,0.000795755,2.0
522.333,0.000795094,2.0
522.802,0.000794624,2.0
523.272,0.000794324,2.0
523.742,0.000794599,2.0
524.222,0.000794991,2.0
524.722,0.000794731,2.0
525.192,0.000793953,2.0
525.642,0.000794333,2.0
526.092,0.00079408,2.0
526.592,0.000793796,2.0
527.072,0.000793265,2.0
527.542,0.000793371,2.0
528.022,0.000792543,2.0
528.502,0.00079416,2.0
528.992,0.000793247,2.0
529.482,0.000792456,2.0
529.952,0.000793768,2.0
530.442,0.000792868,2.0
530.912,0.000794147,2.0
531.362,0.000793602,2.0
531.822,0.000795594,2.0
532.292,0.000795155,2.0
532.762,0.000793811,2.0
533.242,0.000794524,2.0
533.742,0.000793395,2.0
534.222,0.000794675,2.0
534.692,0.000795683,2.0
535.172,0.000795407,2.0
535.662,0.000795925,2.0
536.182,0.000794957,2.0
536.672,0.000795759,2.0
537.142,0.000796027,2.0
537.602,0.000796347,2.0
538.062,0.000796012,2.0
538.542,0.000796254,2.0
539.012,0.000796666,2.0
539.501,0.000796809,2.0
539.981,0.000796856,2.0
540.451,0.000797093,2.0
540.941,0.000796853,2.0
541.401,0.000796751,2.0
541.881,0.000797701,2.0
542.341,0.000796144,2.0
542.791,0.000796614,2.0
543.261,0.000795999,2.0
543.741,0.000796487,2.0
544.231,0.000796356,2.0
544.701,0.00079576,2.0
545.191,0.000796481,2.0
545.761,0.000796337,2.0
546.361,0.000796391,2.0
546.861,0.00079649,2.0
547.341,0.000796366,2.0
547.821,0.000796434,2.0
548.331,0.000795289,2.0
548.811,0.000796547,2.0
549.281,0.000796602,2.0
549.761,0.000797,2.0
550.241,0.00079537,2.0
550.731,0.000796107,2.0
551.211,0.000795975,2.0
551.681,0.000794991,2.0
552.161,0.000795915,2.0
552.641,0.000796324,2.0
553.121,0.000796574,2.0
553.591,0.000796859,2.0
554.071,0.000796646,2.0
554.531,0.000796592,2.0
555.021,0.000797733,2.0
555.490,0.000796922,2.0
555.980,0.000796899,2.0
556.470,0.000798551,2.0
556.910,0.000798464,2.0
557.380,0.000798511,2.0
557.860,0.000796949,2.0
558.350,0.000797757,2.0
558.800,0.000797001,2.0
559.300,0.000797637,2.0
559.760,0.000795287,2.0
560.260,0.000796419,2.0
560.740,0.000795263,2.0
561.230,0.000795037,2.0
561.690,0.000796114,2.0
562.140,0.000796627,2.0
562.610,0.000796801,2.0
563.080,0.000796565,2.0
563.560,0.000796868,2.0
564.030,0.000797816,2.0
564.510,0.00079739,2.0
565.000,0.000797013,2.0
565.470,0.000797853,2.0
565.940,0.000797369,2.0
566.450,0.000796077,2.0
566.920,0.000796707,2.0
567.420,0.000795754,2.0
567.910,0.000796378,2.0
568.360,0.000795927,2.0
568.840,0.000795984,2.0
569.360,0.00079652,2.0
569.850,0.000796446,2.0
570.350,0.000796105,2.0
570.830,0.00079566,2.0
571.330,0.000797005,2.0
571.830,0.000797089,2.0
572.319,0.000796977,2.0
572.829,0.000797988,2.0
573.319,0.000798252,2.0
573.809,0.000797936,2.0
574.299,0.000799341,2.0
574.809,0.000798329,2.0
575.299,0.00079831,2.0
575.759,0.000799259,2.0
576.229,0.000799279,2.0
576.719,0.00079873,2.0
577.209,0.000798132,2.0
577.709,0.000799469,2.0
578.199,0.000799335,2.0
578.749,0.000798881,2.0
579.259,0.000799531,2.0
579.749,0.000799465,2.0
580.229,0.000799947,2.0
580.719,0.000799869,2.0
581.199,0.000799458,2.0
581.729,0.000798964,2.0
582.229,0.000799447,2.0
582.749,0.000799216,2.0
583.229,0.000798981,2.0
583.759,0.000799148,2.0
584.269,0.000797715,2.0
584.769,0.000797976,2.0
585.269,0.000799533,2.0
585.759,0.000798662,2.0
586.249,0.000799193,2.0
586.699,0.000799702,2.0
587.199,0.000799315,2.0
587.689,0.000799865,2.0
588.199,0.000799718,2.0
588.698,0.000799532,2.0
589.198,0.000799438,2.0
589.688,0.000799447,2.0
590.168,0.000800571,2.0
590.658,0.000799849,2.0
591.148,0.000799035,2.0
591.638,0.000797982,2.0
592.148,0.000799583,2.0
592.638,0.000798571,2.0
593.138,0.000798521,2.0
593.638,0.000799133,2.0
594.138,0.000798999,2.0
594.608,0.000798336,2.0
595.098,0.000799006,2.0
595.608,0.000798255,2.0
596.068,0.000798995,2.0
596.558,0.000797936,2.0
597.088,0.000799428,2.0
597.598,0.000798025,2.0
598.108,0.000798293,2.0
598.608,0.000799298,2.0
599.098,0.000798084,2.0
599.578,0.000799506,2.0
600.068,0.000798681,2.0
600.548,0.000798053,2.0
601.048,0.000798092,2.0
601.538,0.000797834,2.0
602.028,0.000797268,2.0
602.518,0.000796902,2.0
603.008,0.000797932,2.0
603.508,0.00079812,2.0
603.998,0.000798279,2.0
604.478,0.000799193,2.0
604.988,0.000799463,2.0
605.487,0.000799473,2.0
605.947,0.000798882,2.0
606.417,0.000799421,2.0
606.917,0.000798739,2.0
607.437,0.000799575,2.0
607.927,0.000798874,2.0
608.417,0.000798138,2.0
608.917,0.00079971,2.0
609.457,0.000797697,2.0
609.957,0.000797577,2.0
610.447,0.000798314,2.0
610.917,0.000798227,2.0
611.427,0.000799669,2.0
611.927,0.000798867,2.0
612.447,0.000798748,2.0
612.927,0.000798644,2.0
613.417,0.000798207,2.0
613.887,0.000798571,2.0
614.357,0.000798445,2.0
614.847,0.000799279,2.0
615.337,0.000799136,2.0
615.827,0.000799285,2.0
616.297,0.000799814,2.0
616.787,0.000800246,2.0
617.287,0.000800548,2.0
617.767,0.000799922,2.0
618.267,0.000800799,2.0
618.767,0.000800147,2.0
619.247,0.000800379,2.0
619.747,0.00079973,2.0
620.257,0.000800116,2.0
620.757,0.000799531,2.0
621.257,0.000789914,2.0
621.756,0.000783446,2.0
622.246,0.000778739,2.0
622.716,0.000774671,2.0
623.176,0.000770504,2.0
623.666,0.000766842,2.0
624.166,0.000764368,2.0
624.656,0.000762568,2.0
625.166,0.000760181,2.0
625.666,0.000758396,2.0
626.166,0.000756024,2.0
626.666,0.000754817,2.0
627.146,0.000753127,2.0
627.726,0.000751792,2.0
628.206,0.000750136,2.0
628.716,0.000749764,2.0
629.196,0.000748305,2.0
629.666,0.000746553,2.0
630.156,0.000745498,2.0
630.646,0.000745189,2.0
631.146,0.000744202,2.0
631.676,0.000742583,2.0
632.186,0.00074147,2.0
632.706,0.000741013,2.0
633.206,0.000740093,2.0
633.696,0.000739739,2.0
634.206,0.000738413,2.0
634.706,0.000738326,2.0
635.186,0.000738761,2.0
635.656,0.000738747,2.0
636.136,0.000738175,2.0
636.636,0.000738016,2.0
637.136,0.00073652,2.0
637.626,0.000735996,2.0
638.115,0.000735276,2.0
638.605,0.000734596,2.0
639.095,0.000734236,2.0
639.585,0.000734196,2.0
640.085,0.000733339,2.0
640.575,0.000732902,2.0
641.075,0.000732695,2.0
641.585,0.00073267,2.0
642.075,0.000731058,2.0
642.605,0.00073105,2.0
643.155,0.000731127,2.0
643.665,0.000731294,2.0
644.165,0.000730814,2.0
644.655,0.000730437,2.0
645.135,0.000730804,2.0
645.625,0.000729729,2.0
646.115,0.000729679,2.0
646.615,0.000729777,2.0
647.095,0.000730617,2.0
647.575,0.000729777,2.0
648.055,0.000730299,2.0
648.535,0.000729476,2.0
649.035,0.000728832,2.0
649.515,0.000728396,2.0
650.025,0.000728482,2.0
650.525,0.000727654,2.0
651.035,0.000728627,2.0
651.545,0.000727159,2.0
652.045,0.000727721,2.0
652.535,0.000727938,2.0
653.025,0.000728085,2.0
653.505,0.000728596,2.0
653.975,0.000727924,2.0
654.485,0.000728142,2.0
655.024,0.000728499,2.0
655.514,0.000728903,2.0
656.014,0.000728558,2.0
656.504,0.000729402,2.0
656.994,0.00073085,2.0
657.464,0.000729841,2.0
657.944,0.000728899,2.0
658.464,0.000729561,2.0
658.944,0.000729254,2.0
659.424,0.000730006,2.0
659.914,0.000729046,2.0
660.404,0.000728312,2.0
660.884,0.000728257,2.0
661.384,0.000729322,2.0
661.884,0.000729066,2.0
662.394,0.000727974,2.0
662.874,0.000728861,2.0
663.374,0.000728079,2.0
663.864,0.000728178,2.0
664.354,0.000727732,2.0
664.844,0.000728251,2.0
665.324,0.000727553,2.0
665.824,0.00072811,2.0
666.294,0.000728557,2.0
666.834,0.000728419,2.0
667.364,0.000728704,2.0
667.854,0.000728768,2.0
668.396,0.000728168,2.0
668.866,0.000727638,2.0
669.396,0.00072803,2.0
669.916,0.000728383,2.0
670.426,0.00072919,2.0
670.906,0.000728878,2.0
671.426,0.00072916,2.0
671.926,0.000729083,2.0
672.436,0.00072883,2.0
672.936,0.000729048,2.0
673.435,0.000728959,2.0
673.995,0.000729897,2.0
674.485,0.000730314,2.0
674.985,0.000730969,2.0
675.485,0.000730138,2.0
675.985,0.000731148,2.0
676.495,0.000730184,2.0
676.985,0.000730178,2.0
677.475,0.000729703,2.0
677.975,0.000729393,2.0
678.485,0.000729629,2.0
678.995,0.000729096,2.0
679.515,0.000729886,2.0
680.025,0.000730059,2.0
680.545,0.000729939,2.0
681.045,0.000730631,2.0
681.535,0.000731344,2.0
682.075,0.000731184,2.0
682.605,0.000731565,2.0
683.105,0.000730298,2.0
683.615,0.000731386,2.0
684.115,0.000730288,2.0
684.635,0.000732037,2.0
685.135,0.000731581,2.0
685.655,0.000730852,2.0
686.155,0.000731289,2.0
686.655,0.000732011,2.0
687.165,0.00073176,2.0
687.675,0.000731944,2.0
688.175,0.000731415,2.0
688.675,0.000732073,2.0
689.215,0.000732474,2.0
689.694,0.00073194,2.0
690.254,0.000731664,2.0
690.774,0.000732145,2.0
691.274,0.000732326,2.0
691.774,0.000731491,2.0
692.284,0.000732533,2.0
692.764,0.000731454,2.0
693.264,0.000731186,2.0
693.754,0.000731627,2.0
694.264,0.000732106,2.0
694.764,0.000732416,2.0
695.254,0.000730761,2.0
695.774,0.000731131,2.0
696.264,0.000731884,2.0
696.764,0.000731465,2.0
697.274,0.000731511,2.0
697.774,0.00073214,2.0
698.284,0.000731913,2.0
698.814,0.000731344,2.0
699.344,0.000731699,2.0
699.844,0.000731308,2.0
700.374,0.000730391,2.0
700.884,0.000731064,2.0
701.424,0.000731593,2.0
701.934,0.000731676,2.0
702.504,0.000730969,2.0
703.014,0.000730641,2.0
703.534,0.000731202,2.0
704.054,0.000730922,2.0
704.624,0.000731771,2.0
705.124,0.00073259,2.0
705.654,0.0007328,2.0
706.163,0.000732991,2.0
706.663,0.000732442,2.0
707.183,0.000732118,2.0
707.703,0.000732017,2.0
708.223,0.000732237,2.0
708.723,0.000732906,2.0
709.253,0.000733827,2.0
709.763,0.000733238,2.0
710.283,0.000733417,2.0
710.783,0.000734444,2.0
711.283,0.00073413,2.0
711.783,0.000734277,2.0
712.303,0.000734255,2.0
712.813,0.000734823,2.0
713.323,0.000735635,2.0
713.843,0.000734531,2.0
714.373,0.000735219,2.0
714.883,0.000735456,2.0
715.403,0.000735743,2.0
715.923,0.000736074,2.0
716.433,0.000736366,2.0
716.963,0.000735527,2.0
717.463,0.000735775,2.0
717.983,0.000736475,2.0
718.503,0.000736569,2.0
719.033,0.000737098,2.0
719.533,0.000737425,2.0
720.093,0.00073733,2.0
720.603,0.000736114,2.0
721.123,0.00073604,2.0
721.643,0.000736432,2.0
722.143,0.000736318,2.0
722.642,0.000735099,2.0
723.172,0.000736043,2.0
723.682,0.000735755,2.0
724.202,0.000736355,2.0
724.722,0.000736521,2.0
725.242,0.000736798,2.0
725.752,0.000736336,2.0
726.262,0.000736974,2.0
726.772,0.000737154,2.0
727.282,0.000737511,2.0
727.732,0.00073773,2.0
728.192,0.000737514,2.0
728.652,0.000738233,2.0
729.052,0.000737691,2.0
729.502,0.00073773,2.0
729.962,0.000737698,2.0
730.422,0.000738373,2.0
730.882,0.000737839,2.0
731.332,0.000739003,2.0
731.762,0.000738363,2.0
732.192,0.000739372,2.0
732.652,0.000739582,2.0
733.082,0.00073934,2.0
733.542,0.000739416,2.0
734.002,0.000739654,2.0
734.462,0.000739891,2.0
734.882,0.000739176,2.0
735.342,0.000739993,2.0
735.802,0.000739708,2.0
736.262,0.000739747,2.0
736.722,0.000739501,2.0
737.192,0.000739337,2.0
737.642,0.000739675,2.0
738.102,0.00074012,2.0
738.512,0.000739902,2.0
738.971,0.000740274,2.0
739.441,0.000740205,2.0
739.881,0.000740142,2.0
740.331,0.000739785,2.0
740.781,0.000739447,2.0
741.201,0.00073984,2.0
741.641,0.000740192,2.0
742.101,0.000740703,2.0
742.581,0.000740328,2.0
743.041,0.000740281,2.0
743.491,0.000740824,2.0
743.941,0.000741165,2.0
744.391,0.000741011,2.0
744.801,0.000740962,2.0
745.231,0.00074084,2.0
745.701,0.000741215,2.0
746.151,0.000741158,2.0
746.591,0.000741156,2.0
747.051,0.000742682,2.0
747.511,0.000741726,2.0
747.941,0.000741583,2.0
748.381,0.000741868,2.0
748.841,0.000742114,2.0
749.311,0.000740943,2.0
749.771,0.000742145,2.0
750.231,0.000742539,2.0
750.721,0.0007424,2.0
751.191,0.000742263,2.0
751.631,0.000741715,2.0
752.061,0.000742904,2.0
752.501,0.000743257,2.0
752.951,0.000742896,2.0
753.391,0.000742512,2.0
753.831,0.000742774,2.0
754.301,0.000743382,2.0
754.741,0.000743293,2.0
755.171,0.000743537,2.0
755.630,0.00074324,2.0
756.090,0.00074405,2.0
756.530,0.000743903,2.0
756.990,0.000743483,2.0
757.430,0.000743777,2.0
757.880,0.000742912,2.0
758.340,0.000743163,2.0
758.760,0.00074258,2.0
759.250,0.000743122,2.0
759.710,0.000743569,2.0
760.180,0.000743186,2.0
760.650,0.000742589,2.0
761.110,0.000743194,2.0
761.590,0.000743386,2.0
762.030,0.000742604,2.0
762.450,0.000743301,2.0
762.920,0.000744138,2.0
763.390,0.000743633,2.0
763.850,0.00074348,2.0
764.320,0.000741892,2.0
764.780,0.000742316,2.0
765.240,0.000741816,2.0
765.690,0.000742577,2.0
766.190,0.000741853,2.0
766.620,0.000742346,2.0
767.120,0.000742831,2.0
767.650,0.000742774,2.0
768.130,0.000742596,2.0
768.610,0.000741538,2.0
769.060,0.000741498,2.0
769.520,0.000741737,2.0
769.980,0.000741645,2.0
770.440,0.000741885,2.0
770.920,0.000742375,2.0
771.400,0.000742413,2.0
771.850,0.000742567,2.0
772.339,0.000742648,2.0
772.799,0.000743195,2.0
773.289,0.000742687,2.0
773.799,0.000743345,2.0
774.269,0.000742618,2.0
774.789,0.000743082,2.0
775.259,0.000743413,2.0
775.739,0.000744022,2.0
776.209,0.000743773,2.0
776.659,0.000742997,2.0
777.139,0.000742545,2.0
777.619,0.000743067,2.0
778.079,0.000743264,2.0
778.509,0.00074347,2.0
778.949,0.000742837,2.0
779.399,0.000743984,2.0
779.869,0.000743484,2.0
780.339,0.000742068,2.0
780.809,0.000743368,2.0
781.329,0.00074331,2.0
781.809,0.000744412,2.0
782.289,0.000744129,2.0
782.749,0.000744873,2.0
783.189,0.000745417,2.0
783.649,0.000745275,2.0
784.119,0.000745639,2.0
784.559,0.000744481,2.0
785.019,0.00074528,2.0
785.509,0.000744984,2.0
786.019,0.000743792,2.0
786.479,0.000745162,2.0
786.959,0.000745914,2.0
787.409,0.000745335,2.0
787.839,0.000746154,2.0
788.299,0.000745329,2.0
788.758,0.000744648,2.0
789.238,0.000745605,2.0
789.698,0.000746098,2.0
790.148,0.000746347,2.0
790.608,0.000746632,2.0
791.088,0.000746789,2.0
791.528,0.000746074,2.0
791.988,0.000746214,2.0
792.448,0.000745302,2.0
792.918,0.000745323,2.0
793.388,0.000744497,2.0
793.848,0.000745503,2.0
794.298,0.000744679,2.0
794.768,0.000745939,2.0
795.238,0.000745167,2.0
795.688,0.000744667,2.0
796.158,0.000745798,2.0
796.688,0.000746492,2.0
797.158,0.00074693,2.0
797.678,0.000745306,2.0
798.148,0.000746521,2.0
798.608,0.000746911,2.0
799.078,0.000745832,2.0
799.548,0.000745872,2.0
800.018,0.000747001,2.0
800.478,0.000745933,2.0
800.918,0.000747373,2.0
801.378,0.000746727,2.0
801.838,0.000745928,2.0
802.298,0.000747058,2.0
802.778,0.000747359,2.0
803.248,0.000746024,2.0
803.728,0.000746397,2.0
804.188,0.000746558,2.0
804.638,0.000747747,2.0
805.057,0.000748023,2.0
805.537,0.000747268,2.0
805.997,0.000746546,2.0
806.467,0.000746714,2.0
806.917,0.000747553,2.0
807.397,0.000748115,2.0
807.847,0.000747682,2.0
808.367,0.000747045,2.0
808.867,0.000744609,2.0
809.347,0.000745218,2.0
809.807,0.000744741,2.0
810.267,0.000745137,2.0
810.727,0.000745949,2.0
811.217,0.00074648,2.0
811.687,0.000745754,2.0
812.187,0.000745635,2.0
812.657,0.000745292,2.0
813.147,0.000746118,2.0
813.617,0.000745089,2.0
814.077,0.000745385,2.0
814.537,0.000744916,2.0
814.997,0.000744799,2.0
815.457,0.000745647,2.0
815.917,0.00074513,2.0
816.397,0.000745604,2.0
816.857,0.000746311,2.0
817.327,0.000746691,2.0
817.777,0.000746589,2.0
818.247,0.000747528,2.0
818.707,0.000747803,2.0
819.167,0.00074742,2.0
819.627,0.000747591,2.0
820.107,0.000747355,2.0
820.577,0.000747859,2.0
821.067,0.000748187,2.0
821.546,0.000747668,2.0
822.026,0.000748107,2.0
822.516,0.000747529,2.0
822.986,0.000748918,2.0
823.486,0.000749048,2.0
823.946,0.00074926,2.0
824.426,0.000748482,2.0
824.906,0.00074784,2.0
825.376,0.000748087,2.0
825.796,0.000747678,2.0
826.276,0.000747904,2.0
826.756,0.000749301,2.0
827.266,0.000749366,2.0
827.726,0.000749248,2.0
828.186,0.000749468,2.0
828.636,0.000749775,2.0
829.116,0.000748535,2.0
829.586,0.000749124,2.0
830.046,0.000749346,2.0
830.496,0.000749388,2.0
830.976,0.000749655,2.0
831.466,0.000750246,2.0
831.956,0.00074977,2.0
832.436,0.000749912,2.0
832.896,0.000749931,2.0
833.356,0.000748922,2.0
833.816,0.00074946,2.0
834.286,0.000749452,2.0
834.726,0.000749083,2.0
835.186,0.000749649,2.0
835.676,0.000749878,2.0
836.136,0.000748428,2.0
836.626,0.000748799,2.0
837.096,0.000748533,2.0
837.566,0.000748054,2.0
838.025,0.000749695,2.0
838.505,0.000749814,2.0
838.985,0.000749956,2.0
839.455,0.000749985,2.0
839.935,0.000749607,2.0
840.375,0.000750021,2.0
840.825,0.000749724,2.0
841.295,0.000750073,2.0
841.775,0.000750481,2.0
842.265,0.000750855,2.0
842.775,0.000750954,2.0
843.265,0.000750022,2.0
843.725,0.000750096,2.0
844.185,0.000749246,2.0
844.625,0.000751036,2.0
845.055,0.000751244,2.0
845.556,0.000751629,2.0
846.016,0.000751778,2.0
846.486,0.00075071,2.0
846.956,0.000750829,2.0
847.446,0.000750451,2.0
847.946,0.000750996,2.0
848.406,0.000751072,2.0
848.886,0.000751404,2.0
849.336,0.000752048,2.0
849.796,0.000752693,2.0
850.256,0.000751565,2.0
850.726,0.000752459,2.0
851.206,0.000751873,2.0
851.686,0.000752237,2.0
852.136,0.000753638,2.0
852.626,0.000752535,2.0
853.116,0.00075241,2.0
853.566,0.000753559,2.0
854.045,0.000753565,2.0
854.505,0.000753095,2.0
854.995,0.000753722,2.0
855.495,0.000752836,2.0
855.965,0.000753655,2.0
856.455,0.000753502,2.0
856.925,0.000752176,2.0
857.395,0.000751656,2.0
857.895,0.000751886,2.0
858.375,0.000751628,2.0
858.845,0.000751368,2.0
859.345,0.000752482,2.0
859.815,0.000753134,2.0
860.287,0.00075314,2.0
860.717,0.000752693,2.0
861.197,0.000751681,2.0
861.657,0.000751953,2.0
862.147,0.000750824,2.0
862.617,0.00075282,2.0
863.087,0.000753187,2.0
863.537,0.000752925,2.0
864.017,0.000753121,2.0
864.487,0.000753062,2.0
864.947,0.000752947,2.0
865.387,0.000752946,2.0
865.857,0.000753926,2.0
866.327,0.000753144,2.0
866.827,0.000753491,2.0
867.286,0.000753664,2.0
867.786,0.000753406,2.0
868.256,0.000753267,2.0
868.716,0.000753337,2.0
869.176,0.000752586,2.0
869.656,0.000752465,2.0
870.106,0.000752172,2.0
870.556,0.000752913,2.0
871.016,0.000753018,2.0
871.506,0.00075335,2.0
872.006,0.000752474,2.0
872.486,0.000753229,2.0
873.016,0.00075466,2.0
873.476,0.000753833,2.0
873.976,0.000754637,2.0
874.456,0.000753838,2.0
874.936,0.000754521,2.0
875.416,0.00075423,2.0
875.876,0.000754037,2.0
876.346,0.000754634,2.0
876.776,0.000755488,2.0
877.256,0.000754387,2.0
877.726,0.000754987,2.0
878.226,0.000754528,2.0
878.706,0.000755351,2.0
879.216,0.000755247,2.0
879.676,0.000755726,2.0
880.146,0.000756851,2.0
880.636,0.000754576,2.0
881.096,0.000755392,2.0
881.536,0.00075484,2.0
881.996,0.00075579,2.0
882.476,0.000756412,2.0
882.936,0.000755563,2.0
883.396,0.000755156,2.0
883.865,0.000754439,2.0
884.345,0.000754967,2.0
884.815,0.000755246,2.0
885.285,0.000755463,2.0
885.775,0.000755234,2.0
886.225,0.000754793,2.0
886.665,0.000755755,2.0
887.155,0.000755569,2.0
887.625,0.000754721,2.0
888.145,0.000755171,2.0
888.605,0.000755,2.0
889.085,0.000755422,2.0
889.565,0.000755981,2.0
890.055,0.000755451,2.0
890.545,0.000755689,2.0
891.015,0.000755166,2.0
891.445,0.000755917,2.0
891.905,0.000755986,2.0
892.375,0.000755737,2.0
892.845,0.000755008,2.0
893.325,0.000755467,2.0
893.795,0.000755371,2.0
894.265,0.000755242,2.0
894.725,0.00075632,2.0
895.185,0.00075549,2.0
895.635,0.000754433,2.0
896.095,0.000755165,2.0
896.565,0.000755143,2.0
897.035,0.000754625,2.0
897.515,0.000754731,2.0
897.995,0.00075484,2.0
898.475,0.000754988,2.0
898.935,0.000755186,2.0
899.415,0.000754563,2.0
899.885,0.000753875,2.0
900.354,0.000755544,2.0
900.794,0.000755404,2.0
901.264,0.000756043,2.0
901.734,0.000756741,2.0
902.244,0.000754865,2.0
902.724,0.000754287,2.0
903.244,0.000755216,2.0
903.734,0.000754738,2.0
904.204,0.000755196,2.0
904.674,0.00075541,2.0
905.154,0.000755963,2.0
905.624,0.000755774,2.0
906.074,0.000756538,2.0
906.504,0.000756557,2.0
906.984,0.000756688,2.0
907.474,0.000756681,2.0
907.934,0.000757352,2.0
908.434,0.000756946,2.0
908.884,0.000757343,2.0
909.374,0.000756605,2.0
909.864,0.000757154,2.0
910.334,0.000757726,2.0
910.824,0.00075721,2.0
911.314,0.000758066,2.0
911.774,0.00075777,2.0
912.234,0.000757035,2.0
912.714,0.000757476,2.0
913.174,0.000755922,2.0
913.654,0.000756062,2.0
914.164,0.000756038,2.0
914.634,0.000755544,2.0
915.104,0.000757143,2.0
915.564,0.000756006,2.0
916.034,0.000755358,2.0
916.513,0.000756305,2.0
916.983,0.000756482,2.0
917.433,0.000755209,2.0
917.903,0.000755532,2.0
918.393,0.000754553,2.0
918.873,0.000756593,2.0
919.353,0.000755606,2.0
919.813,0.000755902,2.0
920.293,0.000755053,2.0
920.763,0.000755793,2.0
921.243,0.000755602,2.0
921.703,0.000755632,2.0
922.183,0.000754682,2.0
922.613,0.000754516,2.0
923.093,0.000755093,2.0
923.563,0.000755304,2.0
924.033,0.000754322,2.0
924.483,0.000755117,2.0
924.943,0.000754675,2.0
925.433,0.000755253,2.0
925.933,0.000755115,2.0
926.403,0.000755512,2.0
926.873,0.000754966,2.0
927.413,0.000755742,2.0
927.883,0.000755759,2.0
928.363,0.000756068,2.0
928.823,0.00075506,2.0
929.303,0.000755101,2.0
929.763,0.000755424,2.0
930.253,0.000756243,2.0
930.743,0.000755537,2.0
931.243,0.000755348,2.0
931.723,0.000756865,2.0
932.213,0.00075595,2.0
932.673,0.000756334,2.0
933.112,0.000756512,2.0
933.612,0.000756485,2.0
934.082,0.000756379,2.0
934.582,0.000756106,2.0
935.082,0.000756526,2.0
935.552,0.000756538,2.0
936.012,0.000756835,2.0
936.542,0.000755755,2.0
937.012,0.000756999,2.0
937.512,0.000755209,2.0
937.982,0.000755942,2.0
938.482,0.000756483,2.0
938.932,0.000755047,2.0
939.372,0.000754791,2.0
939.862,0.000754446,2.0
940.332,0.000754996,2.0
940.802,0.000754856,2.0
941.262,0.000754683,2.0
941.722,0.000755143,2.0
942.182,0.000754986,2.0
942.652,0.000754855,2.0
943.102,0.000755104,2.0
943.572,0.000755794,2.0
944.062,0.000755624,2.0
944.562,0.000754523,2.0
945.042,0.000755045,2.0
945.502,0.000755311,2.0
945.982,0.000755296,2.0
946.472,0.000754732,2.0
946.962,0.000755628,2.0
947.452,0.000755343,2.0
947.912,0.000755166,2.0
948.382,0.000755416,2.0
948.912,0.000755759,2.0
949.361,0.00075639,2.0
949.841,0.000756545,2.0
950.341,0.000756263,2.0
950.831,0.000755835,2.0
951.311,0.000756172,2.0
951.761,0.00075671,2.0
952.231,0.000757112,2.0
952.691,0.000756887,2.0
953.181,0.000757394,2.0
953.671,0.000757186,2.0
954.171,0.000756903,2.0
954.671,0.000757215,2.0
955.151,0.000756488,2.0
955.621,0.000756806,2.0
956.081,0.000757514,2.0
956.581,0.000757279,2.0
957.091,0.00075775,2.0
957.581,0.000757656,2.0
958.071,0.000757588,2.0
958.561,0.000757567,2.0
959.031,0.000757332,2.0
959.511,0.00075658,2.0
960.011,0.000758449,2.0
960.511,0.00075721,2.0
960.991,0.000757009,2.0
961.471,0.000757192,2.0
961.961,0.000757329,2.0
962.451,0.000756521,2.0
962.941,0.000756184,2.0
963.461,0.000756493,2.0
963.971,0.000758693,2.0
964.451,0.000757151,2.0
964.921,0.000757663,2.0
965.381,0.000758841,2.0
965.861,0.000759321,2.0
966.350,0.000759957,2.0
966.850,0.0007599,2.0
967.340,0.00075953,2.0
967.840,0.000758252,2.0
968.360,0.000758421,2.0
968.860,0.000759308,2.0
969.380,0.000757475,2.0
969.860,0.000757626,2.0
970.390,0.000758175,2.0
970.890,0.000757323,2.0
971.380,0.000757425,2.0
971.860,0.000757743,2.0
972.360,0.000757605,2.0
972.850,0.000758047,2.0
973.340,0.000758299,2.0
973.840,0.00075794,2.0
974.330,0.000758287,2.0
974.820,0.000758234,2.0
975.310,0.000758654,2.0
975.800,0.000758738,2.0
976.270,0.000758843,2.0
976.740,0.000759101,2.0
977.210,0.000758898,2.0
977.720,0.000759171,2.0
978.200,0.000757924,2.0
978.700,0.000757984,2.0
979.230,0.000758392,2.0
979.730,0.000758495,2.0
980.210,0.000758922,2.0
980.690,0.000759294,2.0
981.190,0.000759917,2.0
981.680,0.000759823,2.0
982.180,0.000759143,2.0
982.729,0.000759761,2.0
983.269,0.000759251,2.0
983.799,0.000760328,2.0
984.379,0.000760726,2.0
984.879,0.000760863,2.0
985.379,0.00076035,2.0
985.869,0.000761185,2.0
986.349,0.000760527,2.0
986.829,0.000760469,2.0
987.309,0.000759799,2.0
987.799,0.000760483,2.0
988.299,0.000760617,2.0
988.809,0.000761598,2.0
989.319,0.000760405,2.0
989.779,0.000760411,2.0
990.279,0.000760347,2.0
990.739,0.000760536,2.0
991.229,0.000760518,2.0
991.709,0.000759919,2.0
992.219,0.000760655,2.0
992.689,0.000760204,2.0
993.189,0.000760363,2.0
993.689,0.000760246,2.0
994.169,0.000760157,2.0
994.709,0.000759665,2.0
995.199,0.000759935,2.0
995.699,0.00075997,2.0
996.189,0.00076001,2.0
996.669,0.000760211,2.0
997.189,0.00076,2.0
997.669,0.00076014,2.0
998.159,0.00075976,2.0
998.649,0.000760343,2.0
999.138,0.000760016,2.0
999.608,0.000760544,2.0
1000.098,0.000759923,2.0
1000.558,0.000760204,2.0
1001.068,0.000759772,2.0
1001.558,0.000759316,2.0
1002.048,0.000759077,2.0
1002.548,0.000760804,2.0
1003.058,0.000760401,2.0
1003.538,0.000760771,2.0
1004.068,0.00076073,2.0
1004.548,0.000760385,2.0
1005.028,0.000760454,2.0
1005.528,0.000759962,2.0
1006.018,0.000760287,2.0
1006.518,0.000760744,2.0
1007.028,0.000760659,2.0
1007.528,0.000761085,2.0
1008.028,0.000761373,2.0
1008.538,0.000762438,2.0
1009.028,0.000761682,2.0
1009.538,0.000761714,2.0
1010.088,0.000760603,2.0
1010.578,0.000761223,2.0
1011.058,0.000762812,2.0
1011.528,0.000761976,2.0
1011.998,0.000762981,2.0
1012.498,0.000763404,2.0
1012.988,0.000763603,2.0
1013.478,0.000761949,2.0
1013.978,0.000762446,2.0
1014.458,0.00076211,2.0
1014.938,0.00076063,2.0
1015.418,0.000761262,2.0
1015.898,0.000761662,2.0
1016.368,0.000762941,2.0
1016.858,0.000761489,2.0
1017.328,0.000762601,2.0
1017.818,0.000761174,2.0
1018.278,0.000760722,2.0
1018.798,0.000760498,2.0
1019.308,0.00076147,2.0
1019.808,0.000761527,2.0
1020.318,0.000761615,2.0
1020.808,0.000762025,2.0
1021.298,0.000762018,2.0
1021.798,0.000761844,2.0
1022.288,0.000761879,2.0
1022.778,0.000762368,2.0
1023.268,0.00076182,2.0
1023.788,0.000763161,2.0
1024.288,0.000762907,2.0
1024.777,0.000762385,2.0
1025.307,0.000763509,2.0
1025.767,0.000763726,2.0
1026.227,0.000764599,2.0
1026.707,0.000765042,2.0
1027.207,0.000765079,2.0
1027.687,0.000764886,2.0
1028.177,0.000765203,2.0
1028.667,0.00076503,2.0
1029.167,0.000765187,2.0
1029.667,0.000763551,2.0
1030.177,0.000763302,2.0
1030.667,0.00076213,2.0
1031.147,0.000762001,2.0
1031.627,0.000761855,2.0
1032.147,0.000761421,2.0
1032.647,0.000762575,2.0
1033.167,0.000763177,2.0
1033.647,0.000762131,2.0
1034.137,0.000761675,2.0
1034.647,0.000762645,2.0
1035.157,0.000761584,2.0
1035.667,0.000760293,2.0
1036.147,0.000760154,2.0
1036.627,0.000760326,2.0
1037.087,0.00076054,2.0
1037.577,0.000761298,2.0
1038.077,0.000761247,2.0
1038.587,0.000761337,2.0
1039.067,0.00076002,2.0
1039.547,0.00076003,2.0
1040.047,0.000760122,2.0
1040.587,0.000760357,2.0
1041.077,0.000760362,2.0
1041.586,0.000759895,2.0
1042.066,0.000760388,2.0
1042.546,0.000759209,2.0
1043.026,0.000759908,2.0
1043.526,0.000759407,2.0
1044.036,0.000757978,2.0
1044.536,0.000758539,2.0
1045.036,0.000758563,2.0
1045.546,0.000758222,2.0
1046.056,0.000758851,2.0
1046.566,0.00075964,2.0
1047.056,0.000758961,2.0
1047.556,0.000759172,2.0
1048.026,0.000758488,2.0
1048.496,0.000756983,2.0
1049.006,0.000757335,2.0
1049.496,0.000757228,2.0
1049.996,0.000756531,2.0
1050.506,0.000756096,2.0
1051.016,0.000756006,2.0
1051.526,0.000754879,2.0
1052.026,0.000755374,2.0
1052.526,0.000756371,2.0
1053.016,0.000756286,2.0
1053.506,0.00075597,2.0
1053.996,0.000755991,2.0
1054.506,0.000756646,2.0
1054.986,0.000755467,2.0
1055.476,0.000756063,2.0
1056.006,0.000755925,2.0
1056.516,0.000755986,2.0
1056.996,0.000756196,2.0
1057.486,0.000755968,2.0
1057.975,0.000756237,2.0
1058.495,0.00075634,2.0
1058.985,0.000755237,2.0
1059.495,0.000754989,2.0
1059.955,0.000756001,2.0
1060.445,0.000752876,2.0
1060.925,0.000752276,2.0
1061.425,0.000753216,2.0
1061.915,0.000752934,2.0
1062.405,0.000753423,2.0
1062.895,0.000753591,2.0
1063.395,0.000753459,2.0
1063.875,0.000753454,2.0
1064.375,0.000752578,2.0
1064.855,0.000753791,2.0
1065.355,0.000753245,2.0
1065.855,0.00075319,2.0
1066.365,0.000752696,2.0
1066.875,0.000753348,2.0
1067.375,0.000754714,2.0
1067.835,0.000754702,2.0
1068.305,0.000754096,2.0
1068.785,0.000754043,2.0
1069.285,0.000754437,2.0
1069.785,0.000753238,2.0
1070.275,0.000753441,2.0
1070.785,0.000753238,2.0
1071.315,0.000751089,2.0
1071.795,0.000753244,2.0
1072.305,0.000753438,2.0
1072.795,0.000753231,2.0
1073.285,0.000752859,2.0
1073.795,0.000753183,2.0
1074.274,0.000752605,2.0
1074.774,0.000752847,2.0
1075.284,0.000752699,2.0
1075.794,0.000755335,2.0
1076.304,0.000754864,2.0
1076.774,0.000755517,2.0
1077.274,0.000755028,2.0
1077.764,0.000755329,2.0
1078.244,0.000754142,2.0
1078.704,0.000753045,2.0
1079.214,0.000753063,2.0
1079.714,0.000753435,2.0
1080.204,0.000752761,2.0
1080.714,0.000752197,2.0
1081.214,0.000751467,2.0
1081.724,0.000752598,2.0
1082.214,0.000753202,2.0
1082.704,0.000752383,2.0
1083.194,0.000752327,2.0
1083.684,0.000751605,2.0
1084.174,0.00075117,2.0
1084.694,0.000750605,2.0
1085.184,0.000750356,2.0
1085.664,0.000751252,2.0
1086.164,0.000751421,2.0
1086.714,0.000750711,2.0
1087.194,0.000751364,2.0
1087.694,0.000752022,2.0
1088.214,0.00075089,2.0
1088.714,0.000750716,2.0
1089.204,0.00075073,2.0
1089.703,0.000750319,2.0
1090.153,0.000750197,2.0
1090.653,0.000750616,2.0
1091.143,0.000750388,2.0
1091.653,0.00075004,2.0
1092.133,0.00075071,2.0
1092.613,0.000750883,2.0
1093.093,0.000750766,2.0
1093.593,0.000750511,2.0
1094.073,0.000750288,2.0
1094.573,0.000749965,2.0
1095.083,0.000749024,2.0
1095.593,0.000748774,2.0
1096.083,0.000748848,2.0
1096.573,0.000749285,2.0
1097.053,0.000749426,2.0
1097.523,0.00074843,2.0
1097.983,0.000749439,2.0
1098.483,0.000749416,2.0
1098.963,0.000749217,2.0
1099.463,0.000749316,2.0
1099.963,0.000749384,2.0
1100.473,0.000748653,2.0
1100.973,0.000750332,2.0
1101.483,0.000751426,2.0
1102.043,0.000749662,2.0
1102.543,0.000749793,2.0
1103.053,0.000748936,2.0
1103.573,0.000748833,2.0
1104.053,0.000749223,2.0
1104.543,0.000749624,2.0
1105.023,0.00074921,2.0
1105.513,0.000748812,2.0
1106.022,0.000748864,2.0
1106.532,0.000749228,2.0
1107.032,0.000748495,2.0
1107.532,0.000748892,2.0
1108.002,0.000748937,2.0
1108.462,0.000748669,2.0
1108.942,0.000748152,2.0
1109.412,0.000747855,2.0
1109.922,0.000748495,2.0
1110.402,0.000748429,2.0
1110.922,0.000747435,2.0
1111.402,0.000747544,2.0
1111.912,0.000748917,2.0
1112.422,0.000748905,2.0
1112.942,0.000747371,2.0
1113.472,0.000747961,2.0
1113.972,0.000747644,2.0
1114.452,0.000748563,2.0
1114.982,0.000748103,2.0
1115.462,0.000748264,2.0
1115.952,0.000749433,2.0
1116.452,0.000749245,2.0
1116.942,0.000749612,2.0
1117.472,0.000749919,2.0
1118.002,0.000749317,2.0
1118.492,0.000748544,2.0
1118.992,0.00074856,2.0
1119.482,0.000747049,2.0
1119.982,0.00074729,2.0
1120.452,0.000748012,2.0
1120.942,0.000748028,2.0
1121.442,0.000746921,2.0
1121.912,0.000748109,2.0
1122.391,0.000747823,2.0
1122.891,0.000748136,2.0
1123.401,0.000748105,2.0
1123.911,0.000748602,2.0
1124.391,0.000748955,2.0
1124.881,0.000748148,2.0
1125.411,0.000748221,2.0
1125.911,0.000748655,2.0
1126.421,0.000749531,2.0
1126.921,0.000748718,2.0
1127.431,0.000748606,2.0
1127.931,0.000748107,2.0
1128.421,0.000748303,2.0
1128.921,0.000748348,2.0
1129.431,0.000747563,2.0
1129.911,0.000748439,2.0
1130.411,0.000747721,2.0
1130.911,0.000748073,2.0
1131.411,0.000746959,2.0
1131.891,0.000747832,2.0
1132.381,0.000746907,2.0
1132.911,0.000748399,2.0
1133.381,0.000747009,2.0
1133.851,0.000747956,2.0
1134.321,0.000747855,2.0
1134.811,0.000747325,2.0
1135.321,0.000748245,2.0
1135.801,0.000747931,2.0
1136.291,0.000748489,2.0
1136.781,0.000748068,2.0
1137.271,0.000748534,2.0
1137.771,0.000747465,2.0
1138.271,0.000748224,2.0
1138.750,0.000747885,2.0
1139.270,0.000746533,2.0
1139.770,0.000746801,2.0
1140.270,0.000746299,2.0
1140.790,0.000747033,2.0
1141.290,0.000747473,2.0
1141.820,0.000747339,2.0
1142.340,0.000747905,2.0
1142.830,0.000747645,2.0
1143.340,0.000749257,2.0
1143.860,0.000748734,2.0
1144.370,0.000748125,2.0
1144.900,0.000748049,2.0
1145.440,0.000747402,2.0
1145.970,0.000746244,2.0
1146.490,0.000746134,2.0
1147.010,0.000745554,2.0
1147.520,0.000745562,2.0
1148.070,0.000745806,2.0
1148.560,0.000745509,2.0
1149.090,0.000745702,2.0
1149.590,0.000744939,2.0
1150.090,0.000745904,2.0
1150.620,0.000745873,2.0
1151.120,0.000745298,2.0
1151.630,0.000745125,2.0
1152.150,0.000745147,2.0
1152.640,0.000745051,2.0
1153.160,0.000744542,2.0
1153.690,0.000744679,2.0
1154.210,0.000744826,2.0
1154.740,0.000745625,2.0
1155.259,0.000745803,2.0
1155.779,0.000745965,2.0
1156.289,0.000746883,2.0
1156.819,0.000746807,2.0
1157.329,0.000746632,2.0
1157.839,0.000746932,2.0
1158.349,0.00074634,2.0
1158.869,0.000746297,2.0
1159.399,0.000746161,2.0
1159.899,0.000747139,2.0
1160.409,0.000747374,2.0
1160.919,0.000747629,2.0
1161.439,0.000747253,2.0
1161.919,0.000747045,2.0
1162.419,0.000747029,2.0
1162.919,0.000746065,2.0
1163.479,0.00074674,2.0
1163.959,0.000746877,2.0
1164.459,0.000746412,2.0
1164.959,0.000746883,2.0
1165.489,0.000747114,2.0
1165.999,0.00074754,2.0
1166.529,0.000746956,2.0
1167.039,0.000747893,2.0
1167.559,0.000748328,2.0
1168.069,0.000748223,2.0
1168.599,0.000748156,2.0
1169.109,0.00074764,2.0
1169.619,0.000746927,2.0
1170.139,0.000746802,2.0
1170.649,0.000745951,2.0
1171.139,0.000745299,2.0
1171.668,0.000745288,2.0
1172.198,0.000745288,2.0
1172.738,0.000744679,2.0
1173.258,0.000745075,2.0
1173.788,0.000744436,2.0
1174.308,0.000743773,2.0
1174.818,0.000744616,2.0
1175.348,0.000744165,2.0
1175.858,0.000745109,2.0
1176.358,0.000744516,2.0
1176.888,0.000744648,2.0
1177.408,0.000745862,2.0
1177.918,0.00074493,2.0
1178.448,0.000744207,2.0
1179.058,0.000743914,2.0
1179.568,0.000744184,2.0
1180.068,0.000744212,2.0
1180.578,0.000743241,2.0
1181.088,0.000744151,2.0
1181.608,0.00074399,2.0
1182.108,0.000743775,2.0
1182.598,0.000744025,2.0
1183.108,0.00074463,2.0
1183.628,0.000743703,2.0
1184.148,0.000744354,2.0
1184.668,0.000744455,2.0
1185.188,0.000745372,2.0
1185.718,0.000745922,2.0
1186.228,0.000744764,2.0
1186.748,0.000745184,2.0
1187.268,0.00074592,2.0
1187.768,0.000745884,2.0
1188.407,0.000745519,2.0
1188.997,0.000744574,2.0
1189.517,0.000745081,2.0
1190.027,0.000744117,2.0
1190.547,0.000744619,2.0
1191.067,0.000744879,2.0
1191.567,0.000745419,2.0
1192.077,0.000745581,2.0
1192.587,0.00074519,2.0
1193.077,0.000745255,2.0
1193.597,0.000745218,2.0
1194.137,0.000744929,2.0
1194.657,0.000745872,2.0
1195.167,0.000744992,2.0
1195.677,0.000745201,2.0
1196.187,0.000745026,2.0
1196.687,0.000744716,2.0
1197.177,0.000745528,2.0
1197.687,0.000745957,2.0
1198.217,0.000745025,2.0
1198.717,0.000745943,2.0
1199.227,0.000745908,2.0
1199.747,0.000745406,2.0
1200.277,0.000745631,2.0
1200.787,0.000745652,2.0
1201.337,0.000744994,2.0
1201.847,0.000745451,2.0
1202.357,0.000744941,2.0
1202.867,0.000744568,2.0
1203.377,0.000745114,2.0
1203.887,0.000744562,2.0
1204.407,0.000744452,2.0
1204.926,0.000744778,2.0
1205.446,0.000744345,2.0
1205.956,0.000744668,2.0
1206.466,0.000744414,2.0
1206.976,0.000744573,2.0
1207.486,0.000744207,2.0
1207.996,0.000744277,2.0
1208.536,0.000744774,2.0
1209.046,0.000743628,2.0
1209.606,0.00074427,2.0
1210.146,0.00074457,2.0
1210.676,0.000744686,2.0
1211.176,0.000743903,2.0
1211.686,0.00074446,2.0
1212.216,0.000745164,2.0
1212.726,0.000744507,2.0
1213.256,0.000744681,2.0
1213.776,0.000744748,2.0
1214.286,0.000744158,2.0
1214.796,0.000744058,2.0
1215.316,0.000743961,2.0
1215.836,0.000743933,2.0
1216.336,0.000743308,2.0
1216.856,0.000743812,2.0
1217.366,0.000742938,2.0
1217.886,0.000743387,2.0
1218.396,0.000743566,2.0
1218.906,0.000743768,2.0
1219.426,0.000744319,2.0
1219.906,0.000744818,2.0
1220.426,0.000744095,2.0
1220.916,0.000744556,2.0
1221.415,0.000744487,2.0
1221.905,0.000744047,2.0
1222.415,0.000744009,2.0
1222.905,0.000744212,2.0
1223.445,0.000743279,2.0
1223.955,0.00074355,2.0
1224.475,0.00074399,2.0
1225.015,0.00074351,2.0
1225.525,0.000743071,2.0
1226.025,0.000742589,2.0
1226.535,0.000743283,2.0
1227.055,0.000743573,2.0
1227.575,0.000743226,2.0
1228.075,0.000742539,2.0
1228.585,0.000742763,2.0
1229.095,0.00074217,2.0
1229.595,0.000742468,2.0
1230.105,0.000743078,2.0
1230.645,0.000743068,2.0
1231.145,0.000744065,2.0
1231.655,0.000743906,2.0
1232.165,0.000745144,2.0
1232.675,0.000744174,2.0
1233.185,0.000744468,2.0
1233.695,0.000744886,2.0
1234.225,0.000745236,2.0
1234.785,0.000744095,2.0
1235.365,0.000743426,2.0
1235.955,0.000744213,2.0
1236.435,0.000743617,2.0
1236.935,0.000743599,2.0
1237.465,0.000743673,2.0
1237.995,0.000743325,2.0
1238.475,0.000743632,2.0
1238.955,0.000743575,2.0
1239.445,0.00074499,2.0
1239.945,0.000744446,2.0
1240.495,0.000744756,2.0
1240.995,0.000744932,2.0
1241.505,0.000745083,2.0
1242.014,0.000745224,2.0
1242.514,0.00074602,2.0
1243.034,0.000746418,2.0
1243.534,0.00074717,2.0
1244.044,0.000747808,2.0
1244.604,0.000747505,2.0
1245.144,0.000747408,2.0
1245.644,0.000747578,2.0
1246.154,0.000747842,2.0
1246.674,0.000746889,2.0
1247.204,0.00074771,2.0
1247.714,0.000748025,2.0
1248.254,0.000748774,2.0
1248.784,0.000748559,2.0
1249.354,0.000748564,2.0
1249.914,0.000748515,2.0
1250.394,0.000748333,2.0
1250.864,0.000748266,2.0
1251.394,0.000748942,2.0
1251.904,0.000749432,2.0
1252.434,0.000749718,2.0
1252.964,0.000749435,2.0
1253.474,0.000749329,2.0
1253.984,0.000749217,2.0
1254.484,0.000749127,2.0
1254.994,0.00074949,2.0
1255.504,0.00074993,2.0
1256.054,0.000750767,2.0
1256.554,0.000751433,2.0
1257.064,0.000750828,2.0
1257.584,0.000752084,2.0
1258.104,0.000753022,2.0
1258.613,0.000753108,2.0
1259.133,0.000751417,2.0
1259.633,0.000751799,2.0
1260.153,0.000753815,2.0
1260.673,0.000755123,2.0
1261.193,0.000754648,2.0
1261.733,0.000754924,2.0
1262.263,0.000756113,2.0
1262.783,0.000755957,2.0
1263.313,0.000755042,2.0
1263.823,0.000756531,2.0
1264.343,0.000757556,2.0
1264.883,0.000756127,2.0
1265.433,0.000756179,2.0
1265.953,0.000756094,2.0
1266.483,0.00075716,2.0
1267.023,0.000757269,2.0
1267.553,0.00075816,2.0
1268.043,0.000759168,2.0
1268.553,0.000758655,2.0
1269.063,0.000759449,2.0
1269.593,0.000759963,2.0
1270.123,0.000759832,2.0
1270.623,0.000759333,2.0
1271.123,0.000760159,2.0
1271.643,0.000760407,2.0
1272.173,0.000760164,2.0
1272.713,0.000760549,2.0
1273.233,0.000760417,2.0
1273.753,0.000760319,2.0
1274.273,0.000760559,2.0
1274.753,0.000761845,2.0
1275.252,0.000761762,2.0
1275.772,0.000761915,2.0
1276.282,0.000761727,2.0
1276.782,0.000762329,2.0
1277.292,0.000761919,2.0
1277.802,0.000762237,2.0
1278.312,0.000762435,2.0
1278.842,0.000763006,2.0
1279.352,0.000762849,2.0
1279.882,0.00076315,2.0
1280.382,0.000763599,2.0
1280.902,0.000764029,2.0
1281.422,0.000764215,2.0
1281.922,0.00076447,2.0
1282.432,0.000764852,2.0
1282.932,0.000764245,2.0
1283.432,0.000764835,2.0
1283.942,0.000765712,2.0
1284.442,0.00076604,2.0
1284.952,0.00076604,2.0
1285.452,0.00076594,2.0
1285.962,0.000765913,2.0
1286.512,0.00076535,2.0
1287.012,0.000765445,2.0
1287.522,0.000765425,2.0
1288.022,0.000765926,2.0
1288.532,0.000765624,2.0
1289.042,0.000766052,2.0
1289.542,0.000766529,2.0
1290.062,0.000767261,2.0
1290.592,0.00076655,2.0
1291.142,0.000767403,2.0
1291.651,0.000767627,2.0
1292.171,0.000768125,2.0
1292.691,0.000768071,2.0
1293.201,0.000768073,2.0
1293.811,0.000767896,2.0
1294.331,0.000768137,2.0
1294.861,0.000768672,2.0
1295.371,0.000768384,2.0
1295.891,0.000769269,2.0
1296.411,0.000769271,2.0
1296.931,0.000769685,2.0
1297.451,0.000769902,2.0
1297.981,0.000769415,2.0
1298.511,0.000769138,2.0
1299.031,0.000769855,2.0
1299.561,0.000770257,2.0
1300.071,0.000769969,2.0
1300.581,0.000769542,2.0
1301.101,0.000769662,2.0
1301.661,0.000770215,2.0
1302.191,0.000770681,2.0
1302.701,0.000770086,2.0
1303.231,0.000770743,2.0
1303.761,0.000770894,2.0
1304.281,0.00077118,2.0
1304.781,0.000772028,2.0
1305.281,0.000772431,2.0
1305.801,0.000772617,2.0
1306.341,0.000772666,2.0
1306.871,0.000771812,2.0
1307.401,0.000772018,2.0
1307.920,0.000772287,2.0
1308.440,0.000772355,2.0
1308.950,0.000772291,2.0
1309.460,0.000771714,2.0
1310.010,0.000771621,2.0
1310.520,0.000772157,2.0
1311.070,0.000771419,2.0
1311.580,0.000772116,2.0
1312.100,0.000772476,2.0
1312.630,0.000772358,2.0
1313.130,0.000771912,2.0
1313.670,0.000771978,2.0
1314.180,0.000772095,2.0
1314.700,0.000772289,2.0
1315.210,0.000772616,2.0
1315.740,0.000772309,2.0
1316.260,0.000772563,2.0
1316.810,0.000772961,2.0
1317.330,0.000773697,2.0
1317.850,0.000773363,2.0
1318.370,0.000773572,2.0
1318.880,0.000773408,2.0
1319.410,0.000773575,2.0
1319.920,0.000773509,2.0
1320.430,0.000773784,2.0
1320.950,0.000773662,2.0
1321.500,0.00077391,2.0
1322.020,0.000773151,2.0
1322.550,0.000773377,2.0
1323.070,0.000773264,2.0
1323.580,0.000772949,2.0
1324.100,0.000773246,2.0
1324.610,0.000773795,2.0
1325.130,0.000773737,2.0
1325.650,0.000773453,2.0
1326.170,0.000773987,2.0
1326.700,0.000774089,2.0
1327.180,0.000773182,2.0
1327.700,0.000773246,2.0
1328.220,0.000772802,2.0
1328.730,0.000772409,2.0
1329.260,0.000772896,2.0
1329.770,0.000772747,2.0
1330.290,0.00077324,2.0
1330.810,0.000773143,2.0
1331.320,0.00077312,2.0
1331.860,0.000773329,2.0
1332.370,0.00077364,2.0
1332.869,0.000773517,2.0
1333.369,0.000773009,2.0
1333.899,0.000772728,2.0
1334.429,0.000773436,2.0
1334.979,0.000772896,2.0
1335.459,0.000773088,2.0
1335.959,0.000773151,2.0
1336.489,0.000773627,2.0
1336.979,0.000773592,2.0
1337.489,0.000773575,2.0
1338.039,0.000773332,2.0
1338.529,0.000772977,2.0
1339.019,0.00077299,2.0
1339.559,0.000772645,2.0
1340.109,0.000772111,2.0
1340.599,0.000772668,2.0
1341.099,0.000772808,2.0
1341.649,0.000771968,2.0
1342.190,0.000772554,2.0
1342.709,0.000773119,2.0
1343.229,0.000773329,2.0
1343.779,0.00077302,2.0
1344.299,0.000772948,2.0
1344.849,0.000773183,2.0
1345.379,0.000773909,2.0
1345.909,0.000773272,2.0
1346.459,0.00077315,2.0
1347.039,0.00077245,2.0
1347.609,0.000772568,2.0
1348.149,0.00077204,2.0
1348.689,0.000772673,2.0
1349.209,0.000773737,2.0
1349.749,0.000774614,2.0
1350.299,0.00077425,2.0
1350.839,0.000773782,2.0
1351.389,0.000773785,2.0
1351.939,0.000773768,2.0
1352.459,0.000773636,2.0
1352.989,0.000774164,2.0
1353.509,0.000773746,2.0
1354.059,0.000774274,2.0
1354.559,0.000774391,2.0
1355.099,0.000774605,2.0
1355.609,0.00077467,2.0
1356.149,0.000774151,2.0
1356.669,0.000774565,2.0
1357.179,0.000774716,2.0
1357.719,0.000774485,2.0
1358.239,0.000774028,2.0
1358.729,0.000774364,2.0
1359.268,0.000773646,2.0
1359.828,0.000774632,2.0
1360.348,0.00077453,2.0
1360.848,0.00077391,2.0
1361.358,0.000774577,2.0
1361.858,0.00077421,2.0
1362.408,0.000775005,2.0
1362.928,0.000774342,2.0
1363.458,0.000773997,2.0
1363.978,0.00077418,2.0
1364.498,0.000774273,2.0
1365.008,0.000774709,2.0
1365.568,0.000775298,2.0
1366.128,0.000775084,2.0
1366.648,0.000774801,2.0
1367.188,0.000775337,2.0
1367.728,0.00077462,2.0
1368.258,0.000775121,2.0
1368.778,0.000774648,2.0
1369.308,0.000774568,2.0
1369.838,0.000774889,2.0
1370.378,0.000775465,2.0
1370.918,0.000774134,2.0
1371.438,0.000774572,2.0
1371.958,0.000774478,2.0
1372.488,0.000775691,2.0
1373.008,0.000776094,2.0
1373.538,0.00077579,2.0
1374.048,0.000775725,2.0
1374.558,0.000775452,2.0
1375.098,0.000774537,2.0
1375.607,0.000775791,2.0
1376.127,0.000775595,2.0
1376.667,0.000776225,2.0
1377.237,0.000775915,2.0
1377.847,0.000775956,2.0
1378.407,0.000777113,2.0
1378.907,0.000777411,2.0
1379.417,0.000776033,2.0
1379.977,0.000775341,2.0
1380.487,0.000774884,2.0
1380.987,0.00077583,2.0
1381.537,0.000775009,2.0
1382.097,0.000774806,2.0
1382.647,0.000774623,2.0
1383.177,0.000774071,2.0
1383.707,0.00077435,2.0
1384.237,0.000774405,2.0
1384.767,0.00077404,2.0
1385.307,0.000773385,2.0
1385.837,0.000773253,2.0
1386.367,0.000773038,2.0
1386.877,0.000773201,2.0
1387.397,0.000773987,2.0
1387.937,0.000774195,2.0
1388.477,0.00077472,2.0
1388.997,0.000774746,2.0
1389.527,0.000774587,2.0
1390.047,0.000775267,2.0
1390.587,0.000774482,2.0
1391.107,0.000774747,2.0
1391.647,0.000775044,2.0
1392.197,0.000775341,2.0
1392.726,0.000775051,2.0
1393.316,0.000775255,2.0
1393.846,0.000775179,2.0
1394.376,0.000775603,2.0
1394.896,0.000775181,2.0
1395.426,0.000776376,2.0
1395.946,0.000777079,2.0
1396.466,0.000775961,2.0
1397.016,0.000776217,2.0
1397.536,0.000775509,2.0
1398.066,0.000775973,2.0
1398.606,0.000775803,2.0
1399.116,0.000776194,2.0
1399.656,0.000775949,2.0
1400.176,0.000775739,2.0
1400.706,0.000775814,2.0
1401.216,0.000776345,2.0
1401.746,0.000775827,2.0
1402.286,0.000775986,2.0
1402.806,0.000776412,2.0
1403.326,0.000776125,2.0
1403.846,0.000775849,2.0
1404.376,0.00077549,2.0
1404.906,0.000775076,2.0
1405.406,0.000774934,2.0
1405.916,0.000774984,2.0
1406.446,0.000775206,2.0
1406.966,0.000774429,2.0
1407.496,0.000775592,2.0
1408.016,0.000775917,2.0
1408.556,0.000776683,2.0
1409.085,0.000776767,2.0
1409.585,0.000777252,2.0
1410.105,0.000777298,2.0