# Time (sec),Drain (A),Drain (V)
0.000,0.000321264,2.0
0.480,0.00033705,2.0
1.020,0.000348802,2.0
1.510,0.000358794,2.0
2.110,0.000369903,2.0
2.580,0.000378008,2.0
3.070,0.000385849,2.0
3.610,0.000393753,2.0
4.150,0.000401111,2.0
4.670,0.000407567,2.0
5.110,0.000412798,2.0
5.560,0.000417624,2.0
6.010,0.000422035,2.0
6.500,0.000426784,2.0
6.980,0.000430925,2.0
7.460,0.000434821,2.0
7.930,0.000438588,2.0
8.379,0.000442021,2.0
8.839,0.000445334,2.0
9.299,0.000448352,2.0
9.749,0.000451161,2.0
10.239,0.000453825,2.0
10.729,0.000456759,2.0
11.239,0.000459216,2.0
11.719,0.000461776,2.0
12.219,0.00046404,2.0
12.729,0.00046644,2.0
13.239,0.000468736,2.0
13.759,0.000470992,2.0
14.279,0.000472838,2.0
14.839,0.000475032,2.0
15.379,0.000477068,2.0
15.929,0.000478936,2.0
16.459,0.000480955,2.0
16.989,0.00048233,2.0
17.569,0.000484323,2.0
18.149,0.000486211,2.0
18.669,0.000487734,2.0
19.119,0.000488683,2.0
19.589,0.000489954,2.0
20.059,0.000491345,2.0
20.499,0.000492356,2.0
20.999,0.000493448,2.0
21.459,0.000494798,2.0
21.929,0.000495733,2.0
22.419,0.000496663,2.0
22.919,0.000497684,2.0
23.399,0.000498819,2.0
23.869,0.000499665,2.0
24.369,0.000500673,2.0
24.878,0.000501652,2.0
25.368,0.000502504,2.0
25.868,0.000503271,2.0
26.368,0.000504049,2.0
26.868,0.000504969,2.0
27.378,0.000505853,2.0
27.858,0.000506526,2.0
28.368,0.000507382,2.0
28.868,0.000508019,2.0
29.388,0.000508904,2.0
29.918,0.000509653,2.0
30.428,0.000510504,2.0
30.938,0.0005111,2.0
31.508,0.000511719,2.0
32.018,0.000512496,2.0
32.538,0.000513408,2.0
33.078,0.000514401,2.0
33.588,0.00051488,2.0
34.128,0.000515501,2.0
34.698,0.000516055,2.0
35.248,0.000516772,2.0
35.798,0.00051744,2.0
36.378,0.000518213,2.0
36.868,0.000518832,2.0
37.378,0.000519325,2.0
37.878,0.00051988,2.0
38.368,0.000520339,2.0
38.878,0.000520934,2.0
39.378,0.000521526,2.0
39.898,0.000521702,2.0
40.398,0.000522376,2.0
40.918,0.000522789,2.0
41.427,0.000523204,2.0
41.927,0.000523653,2.0
42.467,0.000523926,2.0
42.957,0.000524709,2.0
43.457,0.000524995,2.0
43.987,0.00052551,2.0
44.497,0.00052585,2.0
44.907,0.00052614,2.0
45.307,0.000526535,2.0
45.697,0.000526699,2.0
46.097,0.000526979,2.0
46.527,0.000527272,2.0
46.927,0.000527729,2.0
47.327,0.000527909,2.0
47.727,0.000528511,2.0
48.127,0.00052882,2.0
48.537,0.000529001,2.0
48.947,0.000529501,2.0
49.347,0.000529491,2.0
49.767,0.000530002,2.0
50.177,0.000529929,2.0
50.597,0.000530268,2.0
51.007,0.000530372,2.0
51.447,0.00053086,2.0
51.867,0.000531006,2.0
52.267,0.000531347,2.0
52.677,0.000531445,2.0
53.077,0.000531838,2.0
53.487,0.000532084,2.0
53.907,0.000532353,2.0
54.317,0.000532606,2.0
54.717,0.000532747,2.0
55.127,0.00053297,2.0
55.547,0.000533289,2.0
55.957,0.000533564,2.0
56.377,0.000533911,2.0
56.797,0.000534037,2.0
57.197,0.000534285,2.0
57.626,0.000534662,2.0
58.046,0.000534739,2.0
58.456,0.000534875,2.0
58.886,0.000535321,2.0
59.306,0.000535486,2.0
59.726,0.000535424,2.0
60.146,0.000535909,2.0
60.566,0.000536152,2.0
60.986,0.000536379,2.0
61.406,0.000536497,2.0
61.876,0.000536917,2.0
62.336,0.000537343,2.0
62.776,0.000537493,2.0
63.196,0.000537705,2.0
63.596,0.000537795,2.0
64.036,0.00053809,2.0
64.476,0.000538046,2.0
64.916,0.000538309,2.0
65.336,0.000538354,2.0
65.756,0.000538564,2.0
66.176,0.000538977,2.0
66.596,0.000539278,2.0
67.046,0.000539412,2.0
67.506,0.000539526,2.0
67.966,0.000539669,2.0
68.446,0.000539974,2.0
68.936,0.000540133,2.0
69.426,0.000540503,2.0
69.896,0.000540874,2.0
70.356,0.000541114,2.0
70.826,0.000541062,2.0
71.296,0.000541007,2.0
71.776,0.000541409,2.0
72.246,0.00054154,2.0
72.746,0.000541811,2.0
73.186,0.000541784,2.0
73.586,0.000542148,2.0
73.986,0.000542088,2.0
74.395,0.000542688,2.0
74.815,0.000542741,2.0
75.225,0.000542964,2.0
75.635,0.000542959,2.0
76.065,0.000543419,2.0
76.475,0.000543431,2.0
76.925,0.000543402,2.0
77.355,0.000543754,2.0
77.775,0.000543766,2.0
78.205,0.000544125,2.0
78.625,0.000544497,2.0
79.045,0.000544432,2.0
79.455,0.000544572,2.0
79.895,0.000544621,2.0
80.315,0.000544462,2.0
80.725,0.000544749,2.0
81.125,0.000544643,2.0
81.535,0.000545101,2.0
81.955,0.000545154,2.0
82.375,0.00054505,2.0
82.795,0.000545415,2.0
83.215,0.000545413,2.0
83.625,0.000545708,2.0
84.025,0.00054589,2.0
84.425,0.000546039,2.0
84.845,0.000546089,2.0
85.265,0.00054619,2.0
85.695,0.000546284,2.0
86.095,0.00054641,2.0
86.515,0.000546671,2.0
86.955,0.000546626,2.0
87.395,0.000546801,2.0
87.805,0.000546949,2.0
88.225,0.000547107,2.0
88.675,0.000547161,2.0
89.105,0.000547221,2.0
89.515,0.000547578,2.0
89.945,0.000547669,2.0
90.365,0.000547776,2.0
90.774,0.000547909,2.0
91.194,0.000548062,2.0
91.614,0.000548114,2.0
92.074,0.000547827,2.0
92.494,0.000548086,2.0
92.934,0.000548228,2.0
93.354,0.000548283,2.0
93.774,0.000548532,2.0
94.204,0.000548947,2.0
94.614,0.000549223,2.0
95.034,0.000549144,2.0
95.444,0.000549289,2.0
95.884,0.000549216,2.0
96.304,0.000549664,2.0
96.754,0.000549722,2.0
97.204,0.000549747,2.0
97.664,0.000549762,2.0
98.094,0.000549878,2.0
98.534,0.000550119,2.0
98.964,0.000550032,2.0
99.394,0.000549957,2.0
99.844,0.00055014,2.0
100.264,0.000550218,2.0
100.704,0.000550398,2.0
101.134,0.00055055,2.0
101.564,0.000550593,2.0
102.004,0.0005507,2.0
102.434,0.000550524,2.0
102.884,0.000550828,2.0
103.304,0.000551022,2.0
103.744,0.000551035,2.0
104.194,0.000551031,2.0
104.634,0.000551444,2.0
105.064,0.000551447,2.0
105.504,0.000551239,2.0
105.964,0.000551643,2.0
106.394,0.000551646,2.0
106.804,0.000551867,2.0
107.263,0.000551745,2.0
107.723,0.000551926,2.0
108.153,0.000551797,2.0
108.593,0.000552111,2.0
109.013,0.000552013,2.0
109.443,0.000551969,2.0
109.873,0.000552195,2.0
110.293,0.000552227,2.0
110.723,0.000552334,2.0
111.153,0.000552374,2.0
111.613,0.000552444,2.0
112.053,0.000552521,2.0
112.473,0.000552464,2.0
112.903,0.00055286,2.0
113.323,0.000552839,2.0
113.753,0.000552939,2.0
114.193,0.000552983,2.0
114.623,0.000553178,2.0
115.093,0.000553141,2.0
115.533,0.000553159,2.0
115.983,0.000553035,2.0
116.453,0.000553051,2.0
116.903,0.000553304,2.0
117.373,0.000553135,2.0
117.823,0.000553372,2.0
118.263,0.000553313,2.0
118.703,0.000553217,2.0
119.153,0.000553468,2.0
119.623,0.000553724,2.0
120.063,0.000553514,2.0
120.523,0.000553623,2.0
120.983,0.000553732,2.0
121.443,0.000553726,2.0
121.883,0.000554059,2.0
122.363,0.000553911,2.0
122.813,0.000553888,2.0
123.273,0.000554146,2.0
123.732,0.000554122,2.0
124.182,0.000554388,2.0
124.652,0.000554304,2.0
125.132,0.000554262,2.0
125.572,0.000554347,2.0
126.022,0.000554328,2.0
126.462,0.000554599,2.0
126.912,0.000554618,2.0
127.362,0.000554869,2.0
127.822,0.000554793,2.0
128.272,0.000554793,2.0
128.712,0.000555017,2.0
129.162,0.000554934,2.0
129.622,0.000554939,2.0
130.062,0.000554942,2.0
130.512,0.000555049,2.0
130.972,0.000555075,2.0
131.412,0.000555121,2.0
131.842,0.000554924,2.0
132.282,0.000554961,2.0
132.742,0.000555243,2.0
133.202,0.000555168,2.0
133.672,0.000555544,2.0
134.142,0.000555642,2.0
134.612,0.000555325,2.0
135.092,0.000555475,2.0
135.542,0.000555567,2.0
136.022,0.000555773,2.0
136.482,0.000555655,2.0
136.952,0.000555752,2.0
137.462,0.000555838,2.0
137.902,0.000555601,2.0
138.382,0.000555758,2.0
138.842,0.000555776,2.0
139.322,0.000555758,2.0
139.782,0.000555829,2.0
140.251,0.00055609,2.0
140.741,0.000556282,2.0
141.211,0.000556297,2.0
141.691,0.000556537,2.0
142.181,0.00055655,2.0
142.631,0.000556332,2.0
143.101,0.000556488,2.0
143.551,0.000556561,2.0
144.011,0.000556628,2.0
144.481,0.000556643,2.0
144.951,0.000556619,2.0
145.431,0.000556653,2.0
145.911,0.000556459,2.0
146.361,0.000556575,2.0
146.801,0.000556648,2.0
147.271,0.00055683,2.0
147.711,0.000556852,2.0
148.161,0.000556616,2.0
148.621,0.000556467,2.0
149.071,0.000556805,2.0
149.531,0.000556829,2.0
149.971,0.000556868,2.0
150.401,0.000556866,2.0
150.861,0.000557127,2.0
151.301,0.000557243,2.0
151.761,0.000557165,2.0
152.221,0.000557381,2.0
152.711,0.000557238,2.0
153.151,0.000557419,2.0
153.631,0.000557471,2.0
154.061,0.000557405,2.0
154.521,0.000557107,2.0
154.961,0.000557582,2.0
155.401,0.000557357,2.0
155.881,0.000557476,2.0
156.340,0.000557519,2.0
156.780,0.00055756,2.0
157.210,0.000557439,2.0
157.650,0.000557753,2.0
158.100,0.00055747,2.0
158.540,0.000557461,2.0
158.980,0.000557907,2.0
159.420,0.000557865,2.0
159.880,0.00055783,2.0
160.330,0.000557842,2.0
160.770,0.000557997,2.0
161.220,0.00055782,2.0
161.680,0.000557767,2.0
162.120,0.000557976,2.0
162.600,0.000557932,2.0
163.040,0.00055775,2.0
163.500,0.000557897,2.0
163.950,0.00055813,2.0
164.430,0.000558056,2.0
164.860,0.000557976,2.0
165.310,0.00055799,2.0
165.770,0.00055813,2.0
166.220,0.000558131,2.0
166.670,0.000558277,2.0
167.130,0.000558218,2.0
167.590,0.000558317,2.0
168.080,0.000558438,2.0
168.540,0.000558419,2.0
169.000,0.000558381,2.0
169.460,0.000558647,2.0
169.920,0.000558552,2.0
170.360,0.00055855,2.0
170.830,0.000558585,2.0
171.300,0.000558463,2.0
171.790,0.000558574,2.0
172.250,0.000558352,2.0
172.700,0.000558647,2.0
173.169,0.000558615,2.0
173.629,0.000558702,2.0
174.089,0.000558788,2.0
174.559,0.000558691,2.0
175.029,0.000558435,2.0
175.489,0.000558457,2.0
175.979,0.000558604,2.0
176.419,0.000558767,2.0
176.879,0.000558933,2.0
177.349,0.000558839,2.0
177.809,0.000558754,2.0
178.279,0.000558871,2.0
178.739,0.000558951,2.0
179.199,0.000558736,2.0
179.689,0.000558858,2.0
180.149,0.000558994,2.0
180.619,0.000558915,2.0
181.089,0.000558974,2.0
181.569,0.000558869,2.0
182.039,0.000559008,2.0
182.449,0.000559074,2.0
182.869,0.000559051,2.0
183.339,0.000558771,2.0
183.739,0.000559094,2.0
184.129,0.000559163,2.0
184.549,0.000559264,2.0
184.959,0.000559316,2.0
185.339,0.000559267,2.0
185.759,0.000559013,2.0
186.179,0.000558832,2.0
186.599,0.000559171,2.0
187.009,0.000559334,2.0
187.419,0.000559033,2.0
187.849,0.000559201,2.0
188.239,0.000559146,2.0
188.659,0.000559496,2.0
189.059,0.000559567,2.0
189.468,0.000559199,2.0
189.868,0.000559441,2.0
190.288,0.00055917,2.0
190.688,0.000559194,2.0
191.098,0.00055905,2.0
191.528,0.000559003,2.0
191.968,0.000559208,2.0
192.398,0.000559126,2.0
192.828,0.000558977,2.0
193.248,0.000558982,2.0
193.678,0.00055918,2.0
194.098,0.000559157,2.0
194.518,0.000559144,2.0
194.958,0.000559229,2.0
195.418,0.000559102,2.0
195.848,0.000559173,2.0
196.268,0.000559365,2.0
196.708,0.000559421,2.0
197.148,0.000559423,2.0
197.548,0.000559301,2.0
197.978,0.000559489,2.0
198.438,0.000559338,2.0
198.888,0.000559425,2.0
199.318,0.000559465,2.0
199.738,0.000559325,2.0
200.148,0.000559443,2.0
200.558,0.000559596,2.0
200.998,0.00055966,2.0
201.428,0.000559905,2.0
201.858,0.000559782,2.0
202.278,0.000559652,2.0
202.708,0.000559649,2.0
203.128,0.000559583,2.0
203.578,0.000559499,2.0
204.038,0.00055954,2.0
204.498,0.00055956,2.0
204.948,0.000559579,2.0
205.488,0.000559794,2.0
205.947,0.000559833,2.0
206.417,0.000559825,2.0
206.847,0.000559685,2.0
207.367,0.000559591,2.0
207.907,0.000559593,2.0
208.357,0.000559618,2.0
208.897,0.000559564,2.0
209.357,0.00055946,2.0
209.797,0.000559858,2.0
210.237,0.000559808,2.0
210.837,0.000559864,2.0
211.327,0.000559822,2.0
211.797,0.00055995,2.0
212.277,0.000559975,2.0
212.807,0.000560057,2.0
213.377,0.000559955,2.0
213.897,0.000559771,2.0
214.367,0.000559864,2.0
214.837,0.000559808,2.0
215.307,0.00056005,2.0
215.747,0.000559992,2.0
216.177,0.000559992,2.0
216.607,0.000560058,2.0
217.027,0.000559945,2.0
217.467,0.000559746,2.0
217.897,0.000560014,2.0
218.327,0.000559832,2.0
218.757,0.000559956,2.0
219.207,0.000559875,2.0
219.627,0.0005597,2.0
220.037,0.000559866,2.0
220.467,0.00055993,2.0
220.917,0.000560057,2.0
221.327,0.000560096,2.0
221.757,0.000559975,2.0
222.196,0.000559961,2.0
222.626,0.000560098,2.0
223.046,0.000559951,2.0
223.486,0.000559891,2.0
223.906,0.000559887,2.0
224.336,0.000559882,2.0
224.776,0.000559945,2.0
225.206,0.000559758,2.0
225.626,0.000559765,2.0
226.066,0.000559759,2.0
226.486,0.000559839,2.0
226.956,0.000559572,2.0
227.376,0.00055936,2.0
227.816,0.000559199,2.0
228.236,0.000558996,2.0
228.656,0.000559167,2.0
229.116,0.000559145,2.0
229.536,0.000559143,2.0
229.946,0.000559125,2.0
230.356,0.000558923,2.0
230.756,0.000558767,2.0
231.176,0.000558546,2.0
231.616,0.000558372,2.0
232.046,0.000558085,2.0
232.466,0.000557997,2.0
232.906,0.000557947,2.0
233.326,0.000557696,2.0
233.756,0.000557899,2.0
234.196,0.000557637,2.0
234.646,0.000557579,2.0
235.056,0.000557258,2.0
235.466,0.000557039,2.0
235.886,0.000557029,2.0
236.296,0.000557058,2.0
236.726,0.000557047,2.0
237.156,0.000556735,2.0
237.566,0.000556694,2.0
237.976,0.000556781,2.0
238.416,0.000556419,2.0
238.855,0.000556418,2.0
239.295,0.000556301,2.0
239.745,0.000556197,2.0
240.175,0.000556079,2.0
240.605,0.000555937,2.0
241.035,0.000555514,2.0
241.465,0.000555565,2.0
241.895,0.000555371,2.0
242.325,0.000555404,2.0
242.745,0.000555258,2.0
243.175,0.000554962,2.0
243.605,0.000555055,2.0
244.075,0.00055513,2.0
244.555,0.000554652,2.0
245.005,0.000554672,2.0
245.425,0.000554227,2.0
245.875,0.00055395,2.0
246.325,0.000553761,2.0
246.775,0.000553681,2.0
247.225,0.000553609,2.0
247.655,0.000553375,2.0
248.075,0.000553193,2.0
248.525,0.000552903,2.0
248.935,0.00055284,2.0
249.395,0.000552378,2.0
249.845,0.00055246,2.0
250.285,0.000552167,2.0
250.755,0.000552193,2.0
251.235,0.00055207,2.0
251.685,0.000551908,2.0
252.185,0.000551684,2.0
252.625,0.00055148,2.0
253.055,0.00055156,2.0
253.495,0.00055125,2.0
253.925,0.000550952,2.0
254.365,0.000550811,2.0
254.825,0.000550758,2.0
255.284,0.000550596,2.0
255.714,0.000550523,2.0
256.174,0.000550299,2.0
256.624,0.000550219,2.0
257.074,0.000550092,2.0
257.504,0.000550222,2.0
257.944,0.000549796,2.0
258.394,0.000549524,2.0
258.824,0.000549307,2.0
259.244,0.000549345,2.0
259.714,0.000549195,2.0
260.144,0.000548905,2.0
260.594,0.000548993,2.0
261.074,0.000548707,2.0
261.524,0.000548817,2.0
261.974,0.0005485,2.0
262.394,0.0005483,2.0
262.834,0.000548325,2.0
263.294,0.000548109,2.0
263.734,0.0005478,2.0
264.154,0.000547615,2.0
264.614,0.000547838,2.0
265.084,0.000547638,2.0
265.524,0.000547401,2.0
265.964,0.000547066,2.0
266.424,0.000547023,2.0
266.874,0.000547067,2.0
267.334,0.000546983,2.0
267.784,0.000546594,2.0
268.224,0.000546696,2.0
268.674,0.000546522,2.0
269.114,0.00054642,2.0
269.564,0.000546376,2.0
270.014,0.000546496,2.0
270.454,0.000546137,2.0
270.904,0.000546125,2.0
271.354,0.000546139,2.0
271.823,0.000546,2.0
272.293,0.000546035,2.0
272.753,0.000546257,2.0
273.183,0.00054613,2.0
273.683,0.000545942,2.0
274.123,0.000545529,2.0
274.593,0.00054531,2.0
275.063,0.000545304,2.0
275.503,0.000545431,2.0
275.943,0.00054544,2.0
276.373,0.000545207,2.0
276.823,0.000545261,2.0
277.253,0.000544828,2.0
277.673,0.000544939,2.0
278.093,0.000544854,2.0
278.533,0.00054474,2.0
278.993,0.00054451,2.0
279.423,0.000544298,2.0
279.853,0.000544448,2.0
280.303,0.000544374,2.0
280.753,0.000544338,2.0
281.203,0.000544189,2.0
281.643,0.000544187,2.0
282.093,0.000544009,2.0
282.513,0.000544076,2.0
282.973,0.000544122,2.0
283.403,0.000543802,2.0
283.863,0.000543591,2.0
284.293,0.000543574,2.0
284.743,0.000543691,2.0
285.183,0.000543739,2.0
285.633,0.000543514,2.0
286.073,0.000543623,2.0
286.513,0.000543538,2.0
286.973,0.000543202,2.0
287.433,0.000543069,2.0
287.863,0.000543256,2.0
288.322,0.000543064,2.0
288.772,0.000542756,2.0
289.232,0.000543069,2.0
289.682,0.000542786,2.0
290.212,0.000542901,2.0
290.672,0.000542443,2.0
291.122,0.000542189,2.0
291.592,0.000542155,2.0
292.052,0.000541853,2.0
292.512,0.00054216,2.0
292.972,0.000542333,2.0
293.432,0.000541999,2.0
293.892,0.000541865,2.0
294.332,0.000541904,2.0
294.812,0.000541494,2.0
295.262,0.000541335,2.0
295.742,0.000541512,2.0
296.192,0.000541283,2.0
296.672,0.000541151,2.0
297.142,0.000541381,2.0
297.602,0.000540769,2.0
298.072,0.000540794,2.0
298.532,0.000540632,2.0
299.002,0.000540239,2.0
299.452,0.000540266,2.0
299.912,0.000540043,2.0
300.372,0.000539886,2.0
300.852,0.000539956,2.0
301.302,0.000539737,2.0
301.772,0.000539846,2.0
302.242,0.000539876,2.0
302.682,0.000539824,2.0
303.142,0.000539836,2.0
303.592,0.000539972,2.0
304.052,0.000539615,2.0
304.521,0.000539583,2.0
304.981,0.00053947,2.0
305.481,0.0005392,2.0
305.971,0.000539446,2.0
306.461,0.000539109,2.0
306.951,0.000539184,2.0
307.421,0.00053899,2.0
307.881,0.000538881,2.0
308.331,0.000538994,2.0
308.781,0.000538944,2.0
309.251,0.000538687,2.0
309.731,0.000538726,2.0
310.191,0.000538714,2.0
310.671,0.000538559,2.0
311.111,0.000538586,2.0
311.581,0.00053879,2.0
312.021,0.000538479,2.0
312.481,0.000538677,2.0
312.921,0.000538523,2.0
313.381,0.000538368,2.0
313.831,0.000538129,2.0
314.291,0.000538348,2.0
314.741,0.000538419,2.0
315.181,0.000538101,2.0
315.641,0.000537963,2.0
316.121,0.000538107,2.0
316.571,0.000537852,2.0
317.041,0.000537726,2.0
317.511,0.000537567,2.0
317.981,0.00053758,2.0
318.441,0.000537395,2.0
318.911,0.000537533,2.0
319.371,0.000537446,2.0
319.811,0.000537474,2.0
320.271,0.000537189,2.0
320.791,0.000537387,2.0
321.270,0.000537412,2.0
321.710,0.000537419,2.0
322.150,0.000537252,2.0
322.620,0.000537243,2.0
323.080,0.000537128,2.0
323.550,0.00053721,2.0
323.990,0.000537279,2.0
324.460,0.000537138,2.0
324.930,0.000536902,2.0
325.370,0.000537118,2.0
325.820,0.000536815,2.0
326.260,0.000537115,2.0
326.720,0.000536714,2.0
327.210,0.00053642,2.0
327.650,0.000536516,2.0
328.100,0.000536435,2.0
328.580,0.000536271,2.0
329.030,0.00053612,2.0
329.510,0.000536281,2.0
329.960,0.000536307,2.0
330.420,0.000536225,2.0
330.860,0.000536284,2.0
331.300,0.000536,2.0
331.780,0.000535884,2.0
332.240,0.000535661,2.0
332.710,0.000535802,2.0
333.180,0.000536048,2.0
333.640,0.000535768,2.0
334.120,0.000535855,2.0
334.610,0.000535579,2.0
335.070,0.000535272,2.0
335.550,0.000535147,2.0
336.060,0.00053538,2.0
336.530,0.000535058,2.0
337.000,0.000535407,2.0
337.489,0.000535164,2.0
337.989,0.000535103,2.0
338.449,0.000534927,2.0
338.899,0.000535015,2.0
339.399,0.000534884,2.0
339.849,0.000534893,2.0
340.309,0.000534716,2.0
340.809,0.000534641,2.0
341.289,0.000534635,2.0
341.769,0.000534534,2.0
342.239,0.000534651,2.0
342.709,0.000534401,2.0
343.179,0.000534518,2.0
343.659,0.000534196,2.0
344.149,0.000534205,2.0
344.639,0.000534375,2.0
345.109,0.000534167,2.0
345.569,0.000534079,2.0
346.029,0.000534469,2.0
346.499,0.000533729,2.0
346.949,0.000534145,2.0
347.429,0.000534015,2.0
347.889,0.000534289,2.0
348.359,0.000533975,2.0
348.849,0.000533862,2.0
349.319,0.000533906,2.0
349.769,0.0005337,2.0
350.219,0.000533675,2.0
350.689,0.000533706,2.0
351.209,0.000533388,2.0
351.689,0.000533251,2.0
352.159,0.000533541,2.0
352.629,0.000533209,2.0
353.099,0.000533463,2.0
353.589,0.000533168,2.0
354.058,0.000533358,2.0
354.548,0.000533288,2.0
355.028,0.000533069,2.0
355.518,0.000533144,2.0
356.018,0.000533339,2.0
356.508,0.000533218,2.0
356.978,0.000532895,2.0
357.448,0.000533203,2.0
357.908,0.000532825,2.0
358.378,0.000532942,2.0
358.858,0.000532759,2.0
359.328,0.000532906,2.0
359.838,0.000532776,2.0
360.338,0.000532945,2.0
360.828,0.000532845,2.0
361.318,0.000532998,2.0
361.788,0.000532744,2.0
362.268,0.00053268,2.0
362.728,0.000532638,2.0
363.208,0.000532385,2.0
363.668,0.000532412,2.0
364.078,0.000532509,2.0
364.508,0.000532339,2.0
364.918,0.000532075,2.0
365.358,0.000532157,2.0
365.768,0.000531998,2.0
366.208,0.00053195,2.0
366.638,0.000532259,2.0
367.058,0.000531909,2.0
367.478,0.000531877,2.0
367.878,0.000531811,2.0
368.298,0.000531884,2.0
368.728,0.000531849,2.0
369.158,0.000531944,2.0
369.568,0.000531546,2.0
369.988,0.000531808,2.0
370.417,0.000531787,2.0
370.817,0.000531844,2.0
371.267,0.000531837,2.0
371.697,0.000531335,2.0
372.107,0.000531461,2.0
372.527,0.000531535,2.0
372.937,0.000531429,2.0
373.347,0.000531412,2.0
373.767,0.000531585,2.0
374.197,0.000531665,2.0
374.627,0.000531431,2.0
375.067,0.000531362,2.0
375.507,0.000531169,2.0
376.047,0.00053128,2.0
376.597,0.000531484,2.0
377.027,0.000531402,2.0
377.467,0.000531073,2.0
377.877,0.000530962,2.0
378.297,0.000531054,2.0
378.727,0.000530962,2.0
379.147,0.000530966,2.0
379.567,0.000530666,2.0
379.977,0.000530688,2.0
380.407,0.000530322,2.0
380.847,0.000530643,2.0
381.307,0.000530715,2.0
381.747,0.000530336,2.0
382.197,0.000530522,2.0
382.617,0.000530379,2.0
383.057,0.000530307,2.0
383.497,0.000530691,2.0
383.917,0.000530417,2.0
384.357,0.000530508,2.0
384.777,0.000530705,2.0
385.197,0.000530261,2.0
385.627,0.000530571,2.0
386.067,0.000530524,2.0
386.497,0.000530128,2.0
386.926,0.000530075,2.0
387.346,0.000530136,2.0
387.776,0.000530221,2.0
388.206,0.000530274,2.0
388.656,0.000530192,2.0
389.096,0.000530241,2.0
389.536,0.000530279,2.0
389.966,0.000530113,2.0
390.436,0.000530068,2.0
390.856,0.000530126,2.0
391.276,0.000529964,2.0
391.706,0.00052995,2.0
392.136,0.00052956,2.0
392.566,0.000529613,2.0
393.016,0.000529625,2.0
393.436,0.000529824,2.0
393.906,0.000529399,2.0
394.326,0.000529611,2.0
394.756,0.000529085,2.0
395.176,0.000529393,2.0
395.596,0.000529212,2.0
396.026,0.000529213,2.0
396.486,0.000528903,2.0
396.906,0.000529041,2.0
397.326,0.000528756,2.0
397.766,0.000528919,2.0
398.196,0.000529037,2.0
398.646,0.000529034,2.0
399.086,0.000529051,2.0
399.516,0.0005284,2.0
399.956,0.000528622,2.0
400.376,0.000529112,2.0
400.816,0.000528969,2.0
401.266,0.000528839,2.0
401.686,0.000528882,2.0
402.116,0.000528848,2.0
402.536,0.000528754,2.0
402.966,0.000528818,2.0
403.405,0.000528976,2.0
403.845,0.000528841,2.0
404.275,0.000529021,2.0
404.695,0.000528878,2.0
405.155,0.00052861,2.0
405.625,0.000528532,2.0
406.065,0.000528871,2.0
406.505,0.000528806,2.0
406.925,0.000528421,2.0
407.355,0.000528567,2.0
407.785,0.000528638,2.0
408.215,0.000528839,2.0
408.635,0.000528495,2.0
409.065,0.00052814,2.0
409.475,0.000528435,2.0
409.925,0.000528334,2.0
410.395,0.00052832,2.0
410.835,0.000528004,2.0
411.265,0.00052821,2.0
411.735,0.000528254,2.0
412.175,0.000527955,2.0
412.605,0.000528001,2.0
413.045,0.000527856,2.0
413.475,0.000527815,2.0
413.925,0.000528003,2.0
414.345,0.000527842,2.0
414.775,0.000527818,2.0
415.225,0.000527898,2.0
415.655,0.000527953,2.0
416.095,0.000527921,2.0
416.545,0.000527925,2.0
416.975,0.000527841,2.0
417.395,0.000527738,2.0
417.825,0.000527636,2.0
418.235,0.000527897,2.0
418.655,0.000527585,2.0
419.075,0.000527767,2.0
419.525,0.000527686,2.0
419.934,0.000527694,2.0
420.394,0.000527804,2.0
420.834,0.000527693,2.0
421.264,0.00052745,2.0
421.714,0.000527418,2.0
422.144,0.000527406,2.0
422.574,0.000527279,2.0
423.004,0.000527353,2.0
423.444,0.000527008,2.0
423.894,0.000527079,2.0
424.344,0.000527097,2.0
424.784,0.000527006,2.0
425.224,0.000527285,2.0
425.684,0.000527338,2.0
426.154,0.000527054,2.0
426.594,0.000527121,2.0
427.064,0.000527209,2.0
427.534,0.000526909,2.0
427.954,0.000527096,2.0
428.394,0.00052718,2.0
428.824,0.000526887,2.0
429.274,0.000526875,2.0
429.734,0.00052704,2.0
430.184,0.000527205,2.0
430.634,0.000527185,2.0
431.074,0.000527048,2.0
431.504,0.000527282,2.0
431.944,0.00052707,2.0
432.394,0.000527205,2.0
432.844,0.00052726,2.0
433.264,0.000526981,2.0
433.694,0.000527169,2.0
434.124,0.000527176,2.0
434.574,0.000527267,2.0
435.014,0.000527525,2.0
435.454,0.000527378,2.0
435.884,0.00052742,2.0
436.323,0.000527452,2.0
436.773,0.000527554,2.0
437.223,0.00052768,2.0
437.643,0.000527794,2.0
438.083,0.000527679,2.0
438.543,0.000527855,2.0
438.983,0.000527953,2.0
439.413,0.000527885,2.0
439.833,0.000528013,2.0
440.263,0.000528013,2.0
440.693,0.000528203,2.0
441.153,0.000528303,2.0
441.593,0.000528266,2.0
442.033,0.000528166,2.0
442.503,0.000528376,2.0
442.923,0.000528491,2.0
443.373,0.000528524,2.0
443.803,0.000528547,2.0
444.253,0.000528531,2.0
444.683,0.000528752,2.0
445.103,0.000528746,2.0
445.543,0.000528679,2.0
446.003,0.000528955,2.0
446.443,0.000529041,2.0
446.873,0.000528895,2.0
447.313,0.000529077,2.0
447.723,0.00052936,2.0
448.163,0.000529313,2.0
448.613,0.000529546,2.0
449.043,0.000529537,2.0
449.493,0.000529509,2.0
449.913,0.000529911,2.0
450.353,0.00053,2.0
450.793,0.000530032,2.0
451.243,0.00053039,2.0
451.693,0.000530217,2.0
452.163,0.000530226,2.0
452.612,0.000530238,2.0
453.052,0.000530546,2.0
453.512,0.000530381,2.0
453.932,0.000530468,2.0
454.342,0.000530552,2.0
454.772,0.000530829,2.0
455.212,0.000530838,2.0
455.672,0.000531081,2.0
456.102,0.000531342,2.0
456.532,0.00053193,2.0
456.972,0.000531849,2.0
457.402,0.000531659,2.0
457.882,0.000532098,2.0
458.572,0.000532532,2.0
459.222,0.000532725,2.0
459.852,0.000533004,2.0
460.422,0.000533323,2.0
461.012,0.00053364,2.0
461.532,0.000533667,2.0
462.012,0.000533921,2.0
462.602,0.00053434,2.0
463.152,0.000534494,2.0
463.622,0.000534679,2.0
464.172,0.000534786,2.0
464.712,0.000535178,2.0
465.142,0.000535225,2.0
465.652,0.000535375,2.0
466.172,0.000535502,2.0
466.672,0.000535738,2.0
467.142,0.00053584,2.0
467.642,0.000536251,2.0
468.082,0.000536138,2.0
468.522,0.000536468,2.0
469.001,0.000536507,2.0
469.451,0.00053689,2.0
469.891,0.000537198,2.0
470.391,0.000537488,2.0
470.901,0.000537595,2.0
471.431,0.000537662,2.0
471.941,0.000537832,2.0
472.411,0.000537916,2.0
472.871,0.000538148,2.0
473.341,0.000538265,2.0
473.781,0.000538361,2.0
474.211,0.000538459,2.0
474.651,0.000538583,2.0
475.111,0.000538664,2.0
475.551,0.000538919,2.0
475.991,0.00053867,2.0
476.441,0.000539045,2.0
476.881,0.000539439,2.0
477.311,0.000539396,2.0
477.761,0.00053936,2.0
478.231,0.000539503,2.0
478.681,0.000539608,2.0
479.131,0.000539821,2.0
479.591,0.000540116,2.0
480.031,0.000540237,2.0
480.481,0.000540168,2.0
480.931,0.000540209,2.0
481.371,0.000540483,2.0
481.841,0.000540609,2.0
482.271,0.000540614,2.0
482.721,0.00054089,2.0
483.181,0.000541188,2.0
483.631,0.000540962,2.0
484.081,0.000540953,2.0
484.541,0.000541254,2.0
484.991,0.000541068,2.0
485.440,0.00054135,2.0
485.940,0.000541167,2.0
486.380,0.000541416,2.0
486.840,0.000541288,2.0
487.280,0.000541433,2.0
487.740,0.000541523,2.0
488.190,0.00054168,2.0
488.700,0.000541778,2.0
489.150,0.000541521,2.0
489.610,0.000541911,2.0
490.080,0.000541768,2.0
490.540,0.000542183,2.0
491.000,0.00054225,2.0
491.460,0.000542017,2.0
491.900,0.000542119,2.0
492.350,0.000542082,2.0
492.820,0.000542232,2.0
493.280,0.000542091,2.0
493.740,0.000542504,2.0
494.220,0.00054239,2.0
494.670,0.000542598,2.0
495.110,0.000542699,2.0
495.730,0.000542574,2.0
496.260,0.000542917,2.0
496.740,0.000542893,2.0
497.190,0.000542959,2.0
497.640,0.000543108,2.0
498.120,0.000543363,2.0
498.700,0.000543302,2.0
499.130,0.000543474,2.0
499.570,0.000543393,2.0
500.010,0.000543389,2.0
500.470,0.000543506,2.0
500.930,0.000543455,2.0
501.380,0.000543646,2.0
501.829,0.00054379,2.0
502.289,0.000543805,2.0
502.739,0.000543896,2.0
503.189,0.000543652,2.0
503.659,0.000544052,2.0
504.119,0.000543855,2.0
504.579,0.000543976,2.0
505.029,0.000544202,2.0
505.479,0.000544236,2.0
505.909,0.000544128,2.0
506.359,0.000544351,2.0
506.799,0.00054442,2.0
507.269,0.000544039,2.0
507.709,0.000544397,2.0
508.149,0.000544457,2.0
508.599,0.000544358,2.0
509.049,0.000544462,2.0
509.509,0.000544769,2.0
509.979,0.000544475,2.0
510.429,0.000544609,2.0
510.869,0.000544437,2.0
511.339,0.000544537,2.0
511.789,0.000544437,2.0
512.259,0.000544584,2.0
512.709,0.000544779,2.0
513.159,0.000544885,2.0
513.619,0.000544856,2.0
514.079,0.000544709,2.0
514.519,0.000544798,2.0
514.959,0.000545163,2.0
515.399,0.000544871,2.0
515.879,0.000545119,2.0
516.309,0.000545152,2.0
516.769,0.000544926,2.0
517.209,0.000544889,2.0
517.679,0.000544976,2.0
518.129,0.000544933,2.0
518.588,0.000544825,2.0
519.038,0.000544811,2.0
519.528,0.000544971,2.0
519.988,0.000545127,2.0
520.418,0.000545415,2.0
520.868,0.000545048,2.0
521.318,0.000545248,2.0
521.788,0.000545282,2.0
522.228,0.000545362,2.0
522.688,0.000545354,2.0
523.118,0.000545208,2.0
523.578,0.00054538,2.0
524.048,0.000545514,2.0
524.498,0.00054523,2.0
524.948,0.000545219,2.0
525.388,0.000545031,2.0
525.838,0.000545161,2.0
526.288,0.000545183,2.0
526.828,0.000545015,2.0
527.418,0.000545391,2.0
527.858,0.000545379,2.0
528.308,0.000545535,2.0
528.828,0.00054552,2.0
529.348,0.00054538,2.0
529.838,0.000545338,2.0
530.288,0.000545719,2.0
530.738,0.000545558,2.0
531.188,0.000545559,2.0
531.668,0.000545495,2.0
532.118,0.000545633,2.0
532.558,0.000545683,2.0
533.038,0.000545328,2.0
533.498,0.000545567,2.0
533.938,0.000545534,2.0
534.408,0.000545411,2.0
534.917,0.000545517,2.0
535.357,0.000545198,2.0
535.797,0.000545461,2.0
536.257,0.000545498,2.0
536.747,0.000545317,2.0
537.197,0.000545331,2.0
537.667,0.000545427,2.0
538.117,0.000545557,2.0
538.567,0.000545543,2.0
539.017,0.000545154,2.0
539.457,0.000545367,2.0
539.917,0.000545129,2.0
540.367,0.000545292,2.0
540.817,0.000545435,2.0
541.267,0.000545268,2.0
541.707,0.000545231,2.0
542.177,0.000545285,2.0
542.637,0.000545173,2.0
543.067,0.000545112,2.0
543.517,0.000545168,2.0
543.987,0.000545051,2.0
544.447,0.000545259,2.0
544.917,0.000545036,2.0
545.367,0.00054492,2.0
545.807,0.000544889,2.0
546.287,0.000544887,2.0
546.757,0.000544791,2.0
547.197,0.000544759,2.0
547.647,0.000544878,2.0
548.087,0.000545008,2.0
548.537,0.00054472,2.0
548.997,0.000545007,2.0
549.477,0.000544775,2.0
549.957,0.000545063,2.0
550.437,0.000544822,2.0
550.887,0.000544754,2.0
551.326,0.000544922,2.0
551.786,0.000545096,2.0
552.226,0.000544945,2.0
552.696,0.000545031,2.0
553.146,0.000545193,2.0
553.626,0.00054512,2.0
554.066,0.000545275,2.0
554.546,0.000545236,2.0
555.006,0.000545189,2.0
555.486,0.000545115,2.0
555.936,0.000545082,2.0
556.386,0.000545163,2.0
556.836,0.000545238,2.0
557.296,0.0005453,2.0
557.766,0.000545362,2.0
558.186,0.000545197,2.0
558.646,0.000545113,2.0
559.086,0.00054522,2.0
559.546,0.00054545,2.0
559.986,0.000545166,2.0
560.436,0.000545293,2.0
560.896,0.000545279,2.0
561.346,0.000545382,2.0
561.816,0.00054526,2.0
562.246,0.000545187,2.0
562.716,0.000545202,2.0
563.166,0.000545087,2.0
563.626,0.000545239,2.0
564.076,0.000545142,2.0
564.526,0.000545105,2.0
564.976,0.000545287,2.0
565.466,0.000545411,2.0
565.916,0.000545261,2.0
566.376,0.000545231,2.0
566.836,0.000545193,2.0
567.286,0.000545068,2.0
567.726,0.00054522,2.0
568.185,0.000545329,2.0
568.615,0.000545125,2.0
569.085,0.000544975,2.0
569.535,0.000545256,2.0
569.975,0.000545313,2.0
570.425,0.000545249,2.0
570.895,0.000545282,2.0
571.375,0.000545236,2.0
571.835,0.000545236,2.0
572.305,0.000545254,2.0
572.785,0.000545106,2.0
573.245,0.000545251,2.0
573.705,0.000545297,2.0
574.165,0.000545362,2.0
574.625,0.000545353,2.0
575.085,0.000545059,2.0
575.555,0.000545226,2.0
576.015,0.000545208,2.0
576.465,0.000545106,2.0
576.935,0.000545155,2.0
577.405,0.000545268,2.0
577.885,0.000545324,2.0
578.345,0.00054545,2.0
578.795,0.00054533,2.0
579.245,0.000545244,2.0
579.705,0.000545295,2.0
580.165,0.000545388,2.0
580.685,0.000545555,2.0
581.155,0.000545594,2.0
581.645,0.000545214,2.0
582.155,0.000545315,2.0
582.625,0.000545259,2.0
583.085,0.000545411,2.0
583.565,0.000545399,2.0
584.045,0.00054521,2.0
584.514,0.00054523,2.0
584.964,0.000545157,2.0
585.424,0.000545168,2.0
585.904,0.00054497,2.0
586.374,0.000545077,2.0
586.844,0.000544858,2.0
587.294,0.000545118,2.0
587.774,0.000545026,2.0
588.254,0.000544902,2.0
588.754,0.000545016,2.0
589.204,0.00054507,2.0
589.674,0.000545,2.0
590.224,0.000544956,2.0
590.714,0.000545245,2.0
591.184,0.000545098,2.0
591.654,0.000545084,2.0
592.124,0.000545253,2.0
592.584,0.000545175,2.0
593.044,0.000545287,2.0
593.524,0.000545343,2.0
594.004,0.000545269,2.0
594.474,0.000545387,2.0
594.944,0.000545281,2.0
595.424,0.00054508,2.0
595.914,0.000545117,2.0
596.394,0.000545187,2.0
596.884,0.000545157,2.0
597.354,0.000545056,2.0
597.844,0.000544888,2.0
598.294,0.00054494,2.0
598.784,0.000544726,2.0
599.274,0.000544702,2.0
599.754,0.00054499,2.0
600.224,0.000544829,2.0
600.693,0.00054508,2.0
601.153,0.000544966,2.0
601.633,0.000545025,2.0
602.103,0.000545064,2.0
602.573,0.000544935,2.0
603.053,0.000544982,2.0
603.533,0.000544864,2.0
604.013,0.000544994,2.0
604.483,0.000545002,2.0
604.973,0.000544871,2.0
605.423,0.000544932,2.0
605.893,0.000545065,2.0
606.353,0.000544885,2.0
606.813,0.00054474,2.0
607.283,0.000544797,2.0
607.773,0.000544708,2.0
608.223,0.000544862,2.0
608.683,0.000544817,2.0
609.163,0.000544722,2.0
609.613,0.000544516,2.0
610.093,0.000544252,2.0
610.543,0.000544714,2.0
611.053,0.000544646,2.0
611.523,0.000544529,2.0
611.983,0.000544492,2.0
612.453,0.000544797,2.0
612.903,0.000544877,2.0
613.383,0.000544534,2.0
613.893,0.000544488,2.0
614.353,0.000544467,2.0
614.823,0.000544566,2.0
615.293,0.000544521,2.0
615.763,0.000544698,2.0
616.243,0.000544456,2.0
616.723,0.000544459,2.0
617.212,0.000544358,2.0
617.673,0.000544566,2.0
618.162,0.000544327,2.0
618.622,0.000544431,2.0
619.082,0.000544268,2.0
619.562,0.000544305,2.0
620.032,0.000544225,2.0
620.532,0.000544037,2.0
621.002,0.000528811,2.0
621.452,0.000514312,2.0
621.922,0.000505135,2.0
622.382,0.000498722,2.0
622.842,0.000493742,2.0
623.342,0.000489296,2.0
623.802,0.000486369,2.0
624.252,0.000483741,2.0
624.702,0.000481555,2.0
625.172,0.000479751,2.0
625.622,0.00047838,2.0
626.132,0.000476736,2.0
626.592,0.000475833,2.0
627.062,0.00047488,2.0
627.542,0.000474037,2.0
628.022,0.000473521,2.0
628.502,0.000472803,2.0
628.982,0.000472625,2.0
629.442,0.000472192,2.0
629.912,0.000471867,2.0
630.392,0.00047156,2.0
630.902,0.000471318,2.0
631.372,0.000471292,2.0
631.842,0.00047109,2.0
632.392,0.000471156,2.0
632.882,0.000471104,2.0
633.392,0.000470965,2.0
633.861,0.000471168,2.0
634.331,0.00047119,2.0
634.891,0.000471345,2.0
635.531,0.000471563,2.0
636.141,0.000471799,2.0
636.721,0.000472143,2.0
637.231,0.000472436,2.0
637.731,0.000472687,2.0
638.221,0.000472804,2.0
638.801,0.000473158,2.0
639.391,0.000473471,2.0
639.881,0.000473915,2.0
640.381,0.000474159,2.0
640.861,0.000474422,2.0
641.421,0.000474644,2.0
641.931,0.000474966,2.0
642.401,0.000475373,2.0
642.881,0.000475502,2.0
643.431,0.000475771,2.0
643.941,0.000476114,2.0
644.461,0.000476575,2.0
644.971,0.000476929,2.0
645.441,0.000477272,2.0
645.901,0.000477507,2.0
646.391,0.000477772,2.0
646.861,0.000478091,2.0
647.311,0.000478595,2.0
647.811,0.000478966,2.0
648.311,0.000479348,2.0
648.771,0.00047946,2.0
649.251,0.000479813,2.0
649.721,0.000480174,2.0
650.200,0.000480602,2.0
650.670,0.000481044,2.0
651.120,0.000481458,2.0
651.610,0.000481397,2.0
652.090,0.000481652,2.0
652.540,0.000482218,2.0
653.030,0.000482635,2.0
653.520,0.000483001,2.0
653.980,0.000483241,2.0
654.470,0.000483803,2.0
654.970,0.000484084,2.0
655.440,0.00048455,2.0
655.920,0.000484693,2.0
656.440,0.00048516,2.0
656.900,0.000485482,2.0
657.360,0.000485752,2.0
657.820,0.000486165,2.0
658.300,0.000486462,2.0
658.800,0.000486881,2.0
659.260,0.000486881,2.0
659.720,0.000487461,2.0
660.220,0.000487714,2.0
660.670,0.000488011,2.0
661.140,0.000488518,2.0
661.610,0.00048877,2.0
662.080,0.000488989,2.0
662.530,0.000489289,2.0
663.010,0.000489585,2.0
663.470,0.000490059,2.0
663.940,0.000490336,2.0
664.420,0.000490779,2.0
664.890,0.000491011,2.0
665.350,0.000491378,2.0
665.830,0.000491779,2.0
666.310,0.000492045,2.0
666.799,0.000492156,2.0
667.299,0.0004927,2.0
667.779,0.000492823,2.0
668.259,0.000493083,2.0
668.729,0.00049352,2.0
669.199,0.000493659,2.0
669.699,0.000494109,2.0
670.189,0.000494449,2.0
670.699,0.00049502,2.0
671.169,0.000495349,2.0
671.709,0.000495617,2.0
672.199,0.000495929,2.0
672.699,0.000496079,2.0
673.189,0.000496443,2.0
673.659,0.000496672,2.0
674.139,0.000497248,2.0
674.629,0.000497478,2.0
675.119,0.000497781,2.0
675.639,0.000498154,2.0
676.099,0.000498224,2.0
676.579,0.000498431,2.0
677.059,0.000498763,2.0
677.539,0.000499364,2.0
678.029,0.000499642,2.0
678.539,0.000500042,2.0
679.039,0.000500371,2.0
679.529,0.000500439,2.0
680.019,0.000500792,2.0
680.519,0.000501173,2.0
681.009,0.000501573,2.0
681.509,0.000501547,2.0
681.989,0.000501883,2.0
682.469,0.000502248,2.0
682.948,0.000502624,2.0
683.438,0.000503011,2.0
683.928,0.000503062,2.0
684.408,0.000503358,2.0
684.908,0.000503523,2.0
685.378,0.000503639,2.0
685.858,0.000504045,2.0
686.338,0.00050457,2.0
686.858,0.000504742,2.0
687.338,0.000505055,2.0
687.818,0.000505371,2.0
688.308,0.000505562,2.0
688.788,0.000505811,2.0
689.268,0.000505896,2.0
689.748,0.00050629,2.0
690.228,0.000506508,2.0
690.698,0.000506909,2.0
691.198,0.000507005,2.0
691.688,0.000507224,2.0
692.168,0.000507492,2.0
692.668,0.000507655,2.0
693.158,0.00050792,2.0
693.658,0.000508242,2.0
694.148,0.000508682,2.0
694.658,0.000509231,2.0
695.158,0.00050944,2.0
695.648,0.000509501,2.0
696.128,0.00050994,2.0
696.618,0.000510308,2.0
697.098,0.000510353,2.0
697.588,0.000510457,2.0
698.088,0.000510914,2.0
698.578,0.000511112,2.0
699.058,0.000511402,2.0
699.527,0.000511593,2.0
700.007,0.000511842,2.0
700.477,0.000512085,2.0
700.977,0.00051248,2.0
701.457,0.000512688,2.0
702.007,0.000512903,2.0
702.497,0.000513116,2.0
702.987,0.000513211,2.0
703.497,0.000513529,2.0
703.967,0.000513666,2.0
704.477,0.000513936,2.0
704.957,0.000514103,2.0
705.447,0.000514562,2.0
705.957,0.000514884,2.0
706.467,0.000515069,2.0
706.937,0.000515039,2.0
707.417,0.000515258,2.0
707.907,0.000515386,2.0
708.377,0.000515788,2.0
708.877,0.000516187,2.0
709.387,0.000516498,2.0
709.867,0.000516721,2.0
710.327,0.000517011,2.0
710.817,0.00051717,2.0
711.287,0.000517327,2.0
711.787,0.000517435,2.0
712.277,0.000517684,2.0
712.767,0.000517973,2.0
713.247,0.000518233,2.0
713.717,0.00051808,2.0
714.217,0.000518236,2.0
714.707,0.000518618,2.0
715.207,0.000518811,2.0
715.677,0.000518981,2.0
716.156,0.000519264,2.0
716.636,0.000519198,2.0
717.176,0.000519574,2.0
717.676,0.000519881,2.0
718.156,0.000519928,2.0
718.646,0.00052026,2.0
719.106,0.000520332,2.0
719.586,0.0005204,2.0
720.046,0.000520706,2.0
720.556,0.000520852,2.0
721.036,0.000521202,2.0
721.516,0.000521183,2.0
722.006,0.000521318,2.0
722.496,0.000521336,2.0
722.976,0.0005217,2.0
723.456,0.000521936,2.0
723.946,0.000522354,2.0
724.446,0.000522399,2.0
724.936,0.000522531,2.0
725.446,0.000522889,2.0
725.926,0.00052308,2.0
726.436,0.00052323,2.0
726.926,0.000523433,2.0
727.376,0.000523582,2.0
727.816,0.000523736,2.0
728.216,0.00052372,2.0
728.646,0.000524068,2.0
729.086,0.000524456,2.0
729.506,0.000524636,2.0
729.936,0.000524527,2.0
730.346,0.000524986,2.0
730.776,0.000524784,2.0
731.196,0.000525057,2.0
731.606,0.000525141,2.0
732.026,0.000525222,2.0
732.485,0.000525401,2.0
732.905,0.000525725,2.0
733.335,0.000525868,2.0
733.765,0.000525777,2.0
734.185,0.00052592,2.0
734.615,0.000526202,2.0
735.025,0.000526619,2.0
735.435,0.000526571,2.0
735.875,0.000526812,2.0
736.285,0.000527077,2.0
736.735,0.000527213,2.0
737.145,0.000527358,2.0
737.575,0.000527559,2.0
737.985,0.000527568,2.0
738.415,0.000527743,2.0
738.855,0.000527755,2.0
739.285,0.00052816,2.0
739.725,0.000528465,2.0
740.145,0.000528296,2.0
740.585,0.000528494,2.0
741.035,0.000528753,2.0
741.455,0.000528793,2.0
741.885,0.000529139,2.0
742.315,0.00052938,2.0
742.765,0.000529227,2.0
743.205,0.00052937,2.0
743.645,0.000529606,2.0
744.065,0.000529526,2.0
744.485,0.000529907,2.0
744.915,0.000529736,2.0
745.355,0.000529929,2.0
745.775,0.000530092,2.0
746.215,0.000530331,2.0
746.655,0.000530436,2.0
747.085,0.000530491,2.0
747.505,0.00053079,2.0
747.965,0.000530844,2.0
748.405,0.000531014,2.0
748.854,0.000531247,2.0
749.294,0.000531325,2.0
749.734,0.000531651,2.0
750.174,0.000531627,2.0
750.594,0.000531731,2.0
751.024,0.00053203,2.0
751.444,0.000532192,2.0
751.864,0.000532327,2.0
752.344,0.000532432,2.0
752.764,0.000532732,2.0
753.184,0.000532976,2.0
753.604,0.000533115,2.0
754.044,0.000533279,2.0
754.484,0.000533173,2.0
754.924,0.000533332,2.0
755.344,0.00053351,2.0
755.794,0.000533572,2.0
756.234,0.000533583,2.0
756.664,0.000533936,2.0
757.094,0.00053408,2.0
757.524,0.000534071,2.0
757.964,0.000534192,2.0
758.374,0.000534316,2.0
758.814,0.000534519,2.0
759.254,0.000534635,2.0
759.684,0.00053467,2.0
760.124,0.000534782,2.0
760.574,0.000535128,2.0
760.994,0.000535128,2.0
761.424,0.000535363,2.0
761.854,0.000535429,2.0
762.264,0.000535791,2.0
762.724,0.00053581,2.0
763.214,0.000535951,2.0
763.674,0.000536008,2.0
764.114,0.000536157,2.0
764.574,0.000536492,2.0
765.004,0.000536573,2.0
765.433,0.000536621,2.0
765.903,0.000536867,2.0
766.343,0.000536706,2.0
766.783,0.000536864,2.0
767.243,0.000536969,2.0
767.693,0.000536946,2.0
768.133,0.000537169,2.0
768.593,0.000537132,2.0
769.053,0.000537504,2.0
769.503,0.000537314,2.0
769.943,0.000537538,2.0
770.393,0.000537523,2.0
770.843,0.000537694,2.0
771.263,0.000537698,2.0
771.713,0.000537796,2.0
772.143,0.000537953,2.0
772.603,0.000538288,2.0
773.063,0.000538338,2.0
773.513,0.000538509,2.0
773.963,0.000538584,2.0
774.403,0.000538859,2.0
774.863,0.000539134,2.0
775.303,0.000539166,2.0
775.763,0.00053936,2.0
776.233,0.000539285,2.0
776.663,0.00053954,2.0
777.103,0.000539455,2.0
777.553,0.000539474,2.0
778.013,0.000539786,2.0
778.483,0.00053986,2.0
778.933,0.00054003,2.0
779.393,0.00054011,2.0
779.843,0.000540344,2.0
780.293,0.000540378,2.0
780.743,0.000540339,2.0
781.173,0.000540677,2.0
781.643,0.000540525,2.0
782.062,0.000540838,2.0
782.492,0.000540845,2.0
782.942,0.00054103,2.0
783.402,0.00054092,2.0
783.842,0.000541259,2.0
784.292,0.000541176,2.0
784.732,0.000541466,2.0
785.172,0.000541469,2.0
785.612,0.000541688,2.0
786.092,0.000541589,2.0
786.552,0.000541697,2.0
786.972,0.000541891,2.0
787.422,0.000542264,2.0
787.862,0.000542128,2.0
788.312,0.000542365,2.0
788.772,0.000542479,2.0
789.242,0.000542554,2.0
789.682,0.000542697,2.0
790.112,0.000542735,2.0
790.552,0.000543106,2.0
790.992,0.000542927,2.0
791.422,0.000543339,2.0
791.852,0.000543587,2.0
792.282,0.000543525,2.0
792.742,0.00054361,2.0
793.182,0.000543549,2.0
793.682,0.000543617,2.0
794.132,0.000543766,2.0
794.562,0.000543771,2.0
795.022,0.000543981,2.0
795.492,0.00054378,2.0
796.052,0.000544018,2.0
796.582,0.000544194,2.0
797.102,0.000544375,2.0
797.552,0.000544479,2.0
797.982,0.000544401,2.0
798.421,0.000544522,2.0
798.861,0.000544791,2.0
799.321,0.000544779,2.0
799.761,0.000544717,2.0
800.201,0.000544875,2.0
800.661,0.000544999,2.0
801.101,0.000545278,2.0
801.551,0.000545115,2.0
801.981,0.000545403,2.0
802.431,0.0005453,2.0
802.871,0.000545224,2.0
803.311,0.000545438,2.0
803.781,0.000545347,2.0
804.231,0.000545524,2.0
804.691,0.000545808,2.0
805.141,0.000546092,2.0
805.581,0.000545887,2.0
806.011,0.000545906,2.0
806.461,0.000545893,2.0
806.911,0.000546236,2.0
807.371,0.000546093,2.0
807.811,0.000546441,2.0
808.261,0.000546533,2.0
808.751,0.0005466,2.0
809.211,0.00054678,2.0
809.671,0.000546917,2.0
810.121,0.000547156,2.0
810.561,0.000547055,2.0
810.991,0.000547243,2.0
811.451,0.000547308,2.0
811.881,0.000547498,2.0
812.331,0.000547549,2.0
812.801,0.000547683,2.0
813.251,0.000547636,2.0
813.701,0.000547807,2.0
814.201,0.00054794,2.0
814.650,0.00054805,2.0
815.090,0.00054813,2.0
815.520,0.000548209,2.0
815.970,0.000548457,2.0
816.400,0.000548587,2.0
816.830,0.000548466,2.0
817.280,0.000548696,2.0
817.720,0.000548682,2.0
818.160,0.000548632,2.0
818.610,0.000548791,2.0
819.060,0.000549228,2.0
819.490,0.00054908,2.0
819.940,0.000548924,2.0
820.370,0.000549134,2.0
820.810,0.0005493,2.0
821.230,0.00054933,2.0
821.680,0.000549356,2.0
822.120,0.000549252,2.0
822.610,0.000549308,2.0
823.060,0.000549299,2.0
823.530,0.000549538,2.0
824.040,0.000549594,2.0
824.490,0.000549787,2.0
824.940,0.000549859,2.0
825.390,0.000550103,2.0
825.860,0.000550184,2.0
826.330,0.000550348,2.0
826.780,0.000550705,2.0
827.220,0.000550872,2.0
827.680,0.000550876,2.0
828.140,0.000551043,2.0
828.580,0.00055096,2.0
829.040,0.000551026,2.0
829.480,0.000551012,2.0
829.930,0.000551113,2.0
830.370,0.000551504,2.0
830.790,0.00055131,2.0
831.229,0.000551376,2.0
831.669,0.000551504,2.0
832.109,0.000551536,2.0
832.549,0.000551621,2.0
832.989,0.000551742,2.0
833.439,0.000551685,2.0
833.899,0.000551559,2.0
834.359,0.000551676,2.0
834.799,0.00055177,2.0
835.239,0.00055198,2.0
835.689,0.000552088,2.0
836.139,0.000552022,2.0
836.599,0.000552196,2.0
837.039,0.000552217,2.0
837.499,0.000552237,2.0
837.959,0.0005523,2.0
838.389,0.000552516,2.0
838.839,0.000552211,2.0
839.339,0.000552096,2.0
839.779,0.000552433,2.0
840.209,0.000552522,2.0
840.669,0.000552351,2.0
841.109,0.000552552,2.0
841.549,0.000552596,2.0
841.999,0.000552742,2.0
842.439,0.000552818,2.0
842.899,0.000553001,2.0
843.339,0.000553052,2.0
843.789,0.000552945,2.0
844.239,0.000553108,2.0
844.699,0.000553325,2.0
845.169,0.000553283,2.0
845.609,0.000553219,2.0
846.049,0.000553553,2.0
846.489,0.000553379,2.0
846.949,0.000553501,2.0
847.399,0.000553508,2.0
847.858,0.000553894,2.0
848.308,0.000553826,2.0
848.738,0.000553756,2.0
849.178,0.000553778,2.0
849.648,0.000553837,2.0
850.088,0.00055416,2.0
850.528,0.000554209,2.0
850.988,0.000554154,2.0
851.428,0.00055428,2.0
851.888,0.000554264,2.0
852.328,0.000554281,2.0
852.768,0.000554484,2.0
853.198,0.000554317,2.0
853.638,0.000554363,2.0
854.098,0.000554545,2.0
854.608,0.000554781,2.0
855.068,0.000554789,2.0
855.508,0.00055469,2.0
855.928,0.000554889,2.0
856.378,0.000555109,2.0
856.808,0.0005549,2.0
857.278,0.000555284,2.0
857.718,0.00055519,2.0
858.158,0.000555103,2.0
858.588,0.000555204,2.0
859.028,0.00055534,2.0
859.468,0.000555366,2.0
859.948,0.000555506,2.0
860.398,0.000555277,2.0
860.858,0.000555427,2.0
861.308,0.000555629,2.0
861.778,0.000555544,2.0
862.218,0.000555745,2.0
862.678,0.000555823,2.0
863.128,0.000555569,2.0
863.598,0.00055547,2.0
864.037,0.000555773,2.0
864.477,0.000555567,2.0
864.927,0.000555955,2.0
865.397,0.00055612,2.0
865.847,0.000555907,2.0
866.317,0.000555944,2.0
866.757,0.000555925,2.0
867.227,0.000555969,2.0
867.677,0.000556163,2.0
868.127,0.000556118,2.0
868.577,0.000556132,2.0
869.027,0.000556302,2.0
869.457,0.000556385,2.0
869.937,0.000556192,2.0
870.387,0.000556537,2.0
870.837,0.00055647,2.0
871.277,0.000556552,2.0
871.737,0.000556645,2.0
872.177,0.000556594,2.0
872.637,0.000556718,2.0
873.097,0.000556651,2.0
873.557,0.000556974,2.0
873.997,0.000556869,2.0
874.447,0.000556645,2.0
874.897,0.000556928,2.0
875.337,0.000556931,2.0
875.797,0.000556973,2.0
876.257,0.000557133,2.0
876.727,0.000556942,2.0
877.187,0.000557183,2.0
877.637,0.000557241,2.0
878.097,0.000557474,2.0
878.547,0.000557638,2.0
878.987,0.000557564,2.0
879.467,0.000557553,2.0
879.927,0.000557568,2.0
880.386,0.000557876,2.0
880.836,0.000557812,2.0
881.286,0.000557636,2.0
881.736,0.000557612,2.0
882.196,0.000557441,2.0
882.636,0.000557592,2.0
883.086,0.000557744,2.0
883.536,0.000557879,2.0
883.976,0.000557979,2.0
884.406,0.000557907,2.0
884.856,0.000557861,2.0
885.406,0.000558164,2.0
885.996,0.000558079,2.0
886.496,0.000558094,2.0
886.976,0.00055795,2.0
887.476,0.000558077,2.0
888.016,0.000558115,2.0
888.516,0.000558299,2.0
888.996,0.000558283,2.0
889.496,0.000558435,2.0
889.926,0.000558484,2.0
890.356,0.000558324,2.0
890.786,0.000558605,2.0
891.236,0.00055867,2.0
891.706,0.000558382,2.0
892.196,0.000558494,2.0
892.666,0.000558823,2.0
893.106,0.000558792,2.0
893.566,0.000558695,2.0
894.006,0.000558645,2.0
894.446,0.000559092,2.0
894.886,0.000558831,2.0
895.316,0.000558804,2.0
895.756,0.000558934,2.0
896.226,0.000559058,2.0
896.666,0.00055912,2.0
897.125,0.000559055,2.0
897.585,0.000559303,2.0
898.045,0.000559159,2.0
898.485,0.000559121,2.0
898.925,0.00055915,2.0
899.355,0.000559571,2.0
899.795,0.000559315,2.0
900.235,0.000559571,2.0
900.735,0.00055938,2.0
901.175,0.000559499,2.0
901.635,0.000559762,2.0
902.085,0.000559493,2.0
902.535,0.000559758,2.0
903.005,0.000559714,2.0
903.455,0.000559692,2.0
903.905,0.000559685,2.0
904.355,0.000559933,2.0
904.805,0.000559864,2.0
905.265,0.000560101,2.0
905.695,0.000559964,2.0
906.125,0.000560166,2.0
906.575,0.000560119,2.0
907.015,0.000560209,2.0
907.495,0.000560399,2.0
907.935,0.000560332,2.0
908.385,0.000560311,2.0
908.825,0.000560209,2.0
909.265,0.00056036,2.0
909.715,0.00056054,2.0
910.155,0.000560509,2.0
910.615,0.000560467,2.0
911.075,0.000560391,2.0
911.535,0.000560416,2.0
911.975,0.000560733,2.0
912.415,0.000560749,2.0
912.865,0.000560878,2.0
913.314,0.000560883,2.0
913.764,0.000561063,2.0
914.224,0.000560818,2.0
914.684,0.000561107,2.0
915.124,0.000560993,2.0
915.594,0.000561066,2.0
916.074,0.000561322,2.0
916.514,0.000561419,2.0
916.954,0.000561243,2.0
917.384,0.000561382,2.0
917.834,0.000561352,2.0
918.274,0.000561106,2.0
918.734,0.000561329,2.0
919.224,0.000561236,2.0
919.654,0.000561234,2.0
920.104,0.000561383,2.0
920.584,0.000561472,2.0
921.034,0.000561476,2.0
921.484,0.00056163,2.0
921.934,0.000561731,2.0
922.384,0.000561938,2.0
922.804,0.000561826,2.0
923.234,0.000561867,2.0
923.704,0.000561979,2.0
924.154,0.00056211,2.0
924.604,0.000562016,2.0
925.054,0.000561888,2.0
925.524,0.000562159,2.0
925.954,0.000561924,2.0
926.414,0.000562181,2.0
926.884,0.000561973,2.0
927.324,0.000561944,2.0
927.764,0.000562053,2.0
928.184,0.000562206,2.0
928.624,0.00056247,2.0
929.094,0.000562435,2.0
929.554,0.000562309,2.0
929.983,0.000562363,2.0
930.443,0.000562679,2.0
930.913,0.000562726,2.0
931.403,0.000562723,2.0
931.843,0.000562731,2.0
932.293,0.000562856,2.0
932.773,0.000562993,2.0
933.213,0.000563048,2.0
933.663,0.000563002,2.0
934.113,0.000563054,2.0
934.553,0.000563149,2.0
934.993,0.000563003,2.0
935.463,0.000562955,2.0
935.923,0.000562624,2.0
936.363,0.000562855,2.0
936.823,0.000563185,2.0
937.263,0.000562978,2.0
937.733,0.000562989,2.0
938.173,0.000562863,2.0
938.603,0.000563018,2.0
939.043,0.000563227,2.0
939.483,0.000563238,2.0
939.963,0.000563307,2.0
940.423,0.000563498,2.0
940.873,0.000563441,2.0
941.333,0.000563275,2.0
941.783,0.00056316,2.0
942.223,0.000563265,2.0
942.673,0.000563533,2.0
943.113,0.000563647,2.0
943.563,0.000563555,2.0
944.013,0.000563594,2.0
944.463,0.000563825,2.0
944.923,0.000563879,2.0
945.373,0.000563813,2.0
945.813,0.000563759,2.0
946.252,0.000563672,2.0
946.742,0.000563959,2.0
947.182,0.000564048,2.0
947.622,0.000563751,2.0
948.062,0.000564109,2.0
948.522,0.000563983,2.0
948.972,0.000564094,2.0
949.452,0.00056406,2.0
949.912,0.000564164,2.0
950.362,0.000564104,2.0
950.792,0.000564208,2.0
951.252,0.000564069,2.0
951.722,0.000564032,2.0
952.192,0.000563968,2.0
952.642,0.000564106,2.0
953.102,0.000564159,2.0
953.562,0.000564173,2.0
954.022,0.000563999,2.0
954.492,0.000564103,2.0
954.972,0.000564228,2.0
955.432,0.000564266,2.0
955.872,0.000564331,2.0
956.322,0.000564424,2.0
956.822,0.000564513,2.0
957.292,0.000564421,2.0
957.772,0.000564409,2.0
958.242,0.000564642,2.0
958.722,0.000564731,2.0
959.172,0.000564505,2.0
959.652,0.00056474,2.0
960.122,0.000564604,2.0
960.582,0.000564626,2.0
961.042,0.000564487,2.0
961.522,0.000564599,2.0
962.022,0.000564872,2.0
962.482,0.000564708,2.0
962.971,0.000564734,2.0
963.461,0.000564729,2.0
963.931,0.00056457,2.0
964.381,0.000564611,2.0
964.831,0.000564705,2.0
965.291,0.000564736,2.0
965.751,0.000564903,2.0
966.251,0.00056502,2.0
966.691,0.000565058,2.0
967.151,0.000564891,2.0
967.631,0.000564975,2.0
968.091,0.000565075,2.0
968.541,0.000565093,2.0
969.011,0.000565181,2.0
969.471,0.000565032,2.0
969.931,0.000565177,2.0
970.401,0.000565299,2.0
970.871,0.000565269,2.0
971.351,0.00056511,2.0
971.831,0.00056517,2.0
972.311,0.000565343,2.0
972.761,0.000565525,2.0
973.231,0.000565385,2.0
973.711,0.00056565,2.0
974.181,0.00056552,2.0
974.651,0.000565552,2.0
975.131,0.000565555,2.0
975.611,0.000565532,2.0
976.081,0.000565574,2.0
976.551,0.000565466,2.0
977.001,0.000565591,2.0
977.501,0.000565668,2.0
977.951,0.000565467,2.0
978.401,0.000565546,2.0
978.881,0.000565504,2.0
979.350,0.000565381,2.0
979.810,0.000565135,2.0
980.260,0.00056522,2.0
980.720,0.000565312,2.0
981.160,0.000565337,2.0
981.630,0.000565073,2.0
982.090,0.000565189,2.0
982.580,0.000565312,2.0
983.060,0.000565225,2.0
983.520,0.000565518,2.0
983.970,0.000565279,2.0
984.470,0.000565311,2.0
984.930,0.00056535,2.0
985.400,0.000565373,2.0
985.870,0.000565394,2.0
986.330,0.000565228,2.0
986.800,0.000565345,2.0
987.260,0.000565281,2.0
987.740,0.000565408,2.0
988.230,0.000565436,2.0
988.690,0.000565611,2.0
989.140,0.000565686,2.0
989.630,0.000565901,2.0
990.070,0.00056559,2.0
990.540,0.000565475,2.0
991.010,0.000565698,2.0
991.470,0.000565419,2.0
991.920,0.000565692,2.0
992.400,0.000565612,2.0
992.900,0.000565747,2.0
993.390,0.000565668,2.0
993.870,0.000565891,2.0
994.360,0.000565841,2.0
994.840,0.000565922,2.0
995.310,0.000566064,2.0
995.769,0.000565857,2.0
996.269,0.000565903,2.0
996.749,0.000566008,2.0
997.229,0.000565876,2.0
997.699,0.000566027,2.0
998.149,0.000566045,2.0
998.639,0.000566132,2.0
999.109,0.000565966,2.0
999.589,0.000566025,2.0
1000.069,0.000566221,2.0
1000.529,0.000566008,2.0
1000.979,0.00056605,2.0
1001.449,0.000566283,2.0
1001.919,0.000566301,2.0
1002.359,0.000566417,2.0
1002.839,0.000566434,2.0
1003.309,0.00056638,2.0
1003.769,0.000566498,2.0
1004.239,0.000566415,2.0
1004.719,0.000566525,2.0
1005.179,0.000566282,2.0
1005.669,0.000566417,2.0
1006.149,0.000566424,2.0
1006.619,0.000566336,2.0
1007.079,0.000566294,2.0
1007.559,0.000566396,2.0
1008.069,0.000566334,2.0
1008.549,0.000566463,2.0
1008.999,0.000566523,2.0
1009.479,0.000566494,2.0
1009.959,0.000566342,2.0
1010.439,0.000566202,2.0
1010.899,0.000566587,2.0
1011.369,0.00056677,2.0
1011.849,0.000566684,2.0
1012.318,0.000566527,2.0
1012.788,0.000566535,2.0
1013.248,0.000566663,2.0
1013.728,0.000566497,2.0
1014.178,0.000566764,2.0
1014.648,0.000566627,2.0
1015.118,0.000566612,2.0
1015.588,0.000566658,2.0
1016.068,0.000566701,2.0
1016.558,0.000566843,2.0
1017.018,0.000566626,2.0
1017.478,0.000566635,2.0
1017.958,0.00056676,2.0
1018.428,0.000566761,2.0
1018.918,0.000566678,2.0
1019.378,0.000566808,2.0
1019.838,0.000566818,2.0
1020.308,0.000566804,2.0
1020.828,0.000567085,2.0
1021.338,0.000567203,2.0
1021.808,0.000567176,2.0
1022.258,0.000566998,2.0
1022.738,0.000567236,2.0
1023.248,0.00056713,2.0
1023.718,0.000567025,2.0
1024.198,0.000567062,2.0
1024.648,0.000567023,2.0
1025.108,0.000566816,2.0
1025.588,0.00056663,2.0
1026.038,0.00056648,2.0
1026.508,0.000566404,2.0
1026.978,0.000566263,2.0
1027.428,0.000566041,2.0
1027.888,0.00056566,2.0
1028.348,0.000565458,2.0
1028.797,0.000565541,2.0
1029.257,0.000565206,2.0
1029.747,0.00056504,2.0
1030.197,0.000564817,2.0
1030.657,0.000564779,2.0
1031.107,0.000564797,2.0
1031.587,0.000564632,2.0
1032.047,0.000564296,2.0
1032.557,0.000564054,2.0
1033.027,0.000563968,2.0
1033.507,0.000563836,2.0
1033.967,0.000563682,2.0
1034.447,0.000563447,2.0
1034.927,0.000563331,2.0
1035.387,0.00056293,2.0
1035.857,0.000562572,2.0
1036.307,0.000562631,2.0
1036.797,0.000562628,2.0
1037.247,0.000562652,2.0
1037.697,0.000562594,2.0
1038.167,0.000562376,2.0
1038.657,0.000562177,2.0
1039.127,0.000562103,2.0
1039.587,0.000561801,2.0
1040.057,0.000561776,2.0
1040.517,0.000561681,2.0
1040.977,0.00056167,2.0
1041.447,0.000561391,2.0
1041.917,0.000561104,2.0
1042.387,0.000561147,2.0
1042.877,0.000561397,2.0
1043.347,0.000561029,2.0
1043.847,0.00056116,2.0
1044.307,0.00056087,2.0
1044.797,0.000560807,2.0
1045.256,0.000560728,2.0
1045.736,0.000560626,2.0
1046.216,0.000560411,2.0
1046.706,0.000560478,2.0
1047.166,0.000560322,2.0
1047.646,0.000560139,2.0
1048.116,0.000560157,2.0
1048.586,0.000560317,2.0
1049.036,0.000560034,2.0
1049.526,0.000560119,2.0
1050.016,0.000559925,2.0
1050.486,0.000559931,2.0
1050.946,0.000559881,2.0
1051.406,0.000559803,2.0
1051.866,0.00055971,2.0
1052.336,0.000559646,2.0
1052.796,0.00055977,2.0
1053.266,0.000559292,2.0
1053.776,0.00055939,2.0
1054.256,0.000559349,2.0
1054.706,0.000559628,2.0
1055.166,0.000559422,2.0
1055.636,0.000559489,2.0
1056.106,0.000559459,2.0
1056.586,0.000559573,2.0
1057.036,0.000559368,2.0
1057.496,0.000559351,2.0
1057.956,0.000559465,2.0
1058.416,0.000559375,2.0
1058.886,0.000558993,2.0
1059.356,0.000559019,2.0
1059.816,0.000558926,2.0
1060.276,0.000558919,2.0
1060.746,0.000558695,2.0
1061.216,0.000558844,2.0
1061.675,0.00055881,2.0
1062.175,0.000559074,2.0
1062.645,0.000558835,2.0
1063.115,0.000558968,2.0
1063.585,0.000558963,2.0
1064.025,0.000558929,2.0
1064.485,0.000559123,2.0
1064.975,0.000558954,2.0
1065.445,0.000558877,2.0
1065.905,0.000558797,2.0
1066.385,0.000558901,2.0
1066.845,0.000558652,2.0
1067.345,0.00055854,2.0
1067.825,0.000558513,2.0
1068.315,0.000558391,2.0
1068.785,0.000558437,2.0
1069.295,0.000558444,2.0
1069.755,0.00055849,2.0
1070.215,0.000558339,2.0
1070.705,0.000558159,2.0
1071.175,0.000558238,2.0
1071.635,0.000558357,2.0
1072.135,0.000558437,2.0
1072.625,0.000558482,2.0
1073.085,0.0005582,2.0
1073.575,0.000558141,2.0
1074.055,0.000558171,2.0
1074.525,0.000558089,2.0
1074.995,0.000557911,2.0
1075.465,0.000557864,2.0
1075.935,0.00055807,2.0
1076.395,0.000557897,2.0
1076.875,0.000557927,2.0
1077.355,0.000557964,2.0
1077.824,0.000557653,2.0
1078.284,0.000557673,2.0
1078.744,0.000557666,2.0
1079.224,0.000557775,2.0
1079.714,0.000557607,2.0
1080.194,0.000557801,2.0
1080.664,0.000557618,2.0
1081.124,0.00055759,2.0
1081.594,0.000557611,2.0
1082.064,0.000557519,2.0
1082.544,0.000557457,2.0
1083.004,0.000557547,2.0
1083.464,0.0005577,2.0
1083.924,0.000557252,2.0
1084.434,0.000557312,2.0
1084.904,0.000557144,2.0
1085.374,0.000557437,2.0
1085.834,0.000557291,2.0
1086.284,0.000557132,2.0
1086.774,0.00055748,2.0
1087.254,0.000557244,2.0
1087.724,0.000557519,2.0
1088.184,0.000557295,2.0
1088.654,0.000557094,2.0
1089.134,0.000557165,2.0
1089.624,0.000557424,2.0
1090.104,0.00055719,2.0
1090.574,0.000557171,2.0
1091.054,0.000557202,2.0
1091.524,0.000557286,2.0
1091.964,0.000557239,2.0
1092.454,0.000557376,2.0
1092.934,0.000557265,2.0
1093.434,0.000557314,2.0
1093.924,0.000557296,2.0
1094.383,0.000557269,2.0
1094.853,0.000557524,2.0
1095.333,0.000557635,2.0
1095.823,0.00055719,2.0
1096.323,0.000557498,2.0
1096.803,0.000557299,2.0
1097.253,0.00055714,2.0
1097.713,0.000557164,2.0
1098.153,0.000557047,2.0
1098.643,0.000557322,2.0
1099.123,0.000557247,2.0
1099.633,0.000557268,2.0
1100.093,0.000557072,2.0
1100.583,0.000556995,2.0
1101.053,0.000557333,2.0
1101.533,0.000557307,2.0
1102.003,0.000557212,2.0
1102.473,0.000557009,2.0
1102.933,0.000556931,2.0
1103.393,0.000557204,2.0
1103.863,0.000556948,2.0
1104.343,0.000557137,2.0
1104.813,0.000557134,2.0
1105.273,0.000557361,2.0
1105.733,0.000557014,2.0
1106.193,0.000557053,2.0
1106.693,0.000556979,2.0
1107.173,0.000556855,2.0
1107.643,0.000556977,2.0
1108.123,0.000556972,2.0
1108.583,0.000557151,2.0
1109.053,0.000557132,2.0
1109.533,0.000556985,2.0
1110.013,0.00055689,2.0
1110.493,0.000556884,2.0
1110.962,0.000556992,2.0
1111.452,0.000556946,2.0
1111.912,0.000556594,2.0
1112.382,0.000556754,2.0
1112.832,0.000556788,2.0
1113.292,0.000556676,2.0
1113.752,0.000556682,2.0
1114.202,0.000557023,2.0
1114.692,0.000556941,2.0
1115.182,0.00055655,2.0
1115.632,0.000556673,2.0
1116.092,0.000556842,2.0
1116.552,0.000556504,2.0
1117.022,0.0005567,2.0
1117.492,0.000556624,2.0
1117.972,0.000556862,2.0
1118.442,0.000556893,2.0
1118.912,0.00055652,2.0
1119.372,0.000556796,2.0
1119.842,0.000556548,2.0
1120.322,0.000556374,2.0
1120.782,0.000556407,2.0
1121.262,0.000556462,2.0
1121.732,0.000556639,2.0
1122.192,0.000556488,2.0
1122.662,0.00055661,2.0
1123.122,0.000556661,2.0
1123.592,0.000556639,2.0
1124.052,0.000556802,2.0
1124.532,0.000556778,2.0
1125.002,0.000556762,2.0
1125.472,0.000556695,2.0
1125.932,0.000556872,2.0
1126.412,0.000556922,2.0
1126.872,0.000556917,2.0
1127.331,0.000557083,2.0
1127.821,0.000557345,2.0
1128.281,0.000557046,2.0
1128.741,0.000556834,2.0
1129.211,0.000556862,2.0
1129.731,0.000556834,2.0
1130.301,0.000556983,2.0
1130.811,0.000556977,2.0
1131.271,0.000556852,2.0
1131.751,0.000556893,2.0
1132.241,0.000556573,2.0
1132.731,0.000556495,2.0
1133.201,0.000556681,2.0
1133.661,0.00055669,2.0
1134.131,0.000556794,2.0
1134.631,0.000556941,2.0
1135.111,0.000556782,2.0
1135.611,0.000556947,2.0
1136.071,0.000556831,2.0
1136.521,0.000556738,2.0
1137.001,0.000557046,2.0
1137.471,0.000557226,2.0
1137.941,0.000556955,2.0
1138.411,0.000557011,2.0
1138.861,0.000557202,2.0
1139.321,0.000556822,2.0
1139.811,0.000557308,2.0
1140.301,0.00055697,2.0
1140.801,0.000557176,2.0
1141.261,0.000556916,2.0
1141.721,0.000557189,2.0
1142.211,0.000557158,2.0
1142.691,0.000557177,2.0
1143.151,0.000556992,2.0
1143.621,0.000557131,2.0
1144.100,0.000557151,2.0
1144.580,0.000556798,2.0
1145.060,0.000556825,2.0
1145.570,0.000556887,2.0
1146.080,0.000556854,2.0
1146.580,0.000556934,2.0
1147.050,0.000556957,2.0
1147.540,0.000556604,2.0
1148.030,0.00055704,2.0
1148.530,0.000557065,2.0
1149.010,0.000557027,2.0
1149.520,0.000557013,2.0
1150.000,0.000557165,2.0
1150.480,0.00055707,2.0
1150.960,0.000556988,2.0
1151.460,0.000557089,2.0
1151.930,0.000556846,2.0
1152.420,0.000556835,2.0
1152.910,0.000557034,2.0
1153.400,0.000557209,2.0
1153.890,0.000557151,2.0
1154.360,0.000556968,2.0
1154.850,0.000557131,2.0
1155.360,0.00055721,2.0
1155.880,0.000557357,2.0
1156.360,0.000557058,2.0
1156.840,0.000557239,2.0
1157.330,0.000557072,2.0
1157.830,0.000556902,2.0
1158.330,0.000557055,2.0
1158.840,0.00055722,2.0
1159.330,0.000556937,2.0
1159.840,0.000556662,2.0
1160.309,0.00055688,2.0
1160.859,0.000556812,2.0
1161.369,0.000556889,2.0
1161.849,0.000557082,2.0
1162.329,0.000557166,2.0
1162.819,0.000556948,2.0
1163.299,0.000556911,2.0
1163.789,0.000556877,2.0
1164.279,0.000556537,2.0
1164.759,0.000556644,2.0
1165.219,0.000556755,2.0
1165.699,0.000556837,2.0
1166.199,0.000556792,2.0
1166.669,0.000557137,2.0
1167.199,0.000557156,2.0
1167.699,0.000556936,2.0
1168.179,0.000556993,2.0
1168.679,0.000556849,2.0
1169.149,0.000556855,2.0
1169.639,0.000556929,2.0
1170.139,0.000557107,2.0
1170.619,0.000556955,2.0
1171.089,0.000557317,2.0
1171.589,0.000556855,2.0
1172.109,0.000557774,2.0
1172.599,0.000557073,2.0
1173.089,0.000557063,2.0
1173.589,0.000556979,2.0
1174.079,0.000557109,2.0
1174.569,0.00055701,2.0
1175.049,0.000557033,2.0
1175.549,0.000556852,2.0
1176.069,0.000556982,2.0
1176.548,0.000556724,2.0
1177.028,0.000556726,2.0
1177.528,0.000556728,2.0
1178.008,0.000556666,2.0
1178.508,0.000556827,2.0
1179.008,0.000556818,2.0
1179.498,0.000556889,2.0
1179.968,0.000557039,2.0
1180.438,0.000557183,2.0
1180.928,0.000557113,2.0
1181.408,0.00055704,2.0
1181.898,0.000557154,2.0
1182.368,0.000557064,2.0
1182.838,0.000557054,2.0
1183.338,0.000557171,2.0
1183.828,0.000557258,2.0
1184.298,0.000557059,2.0
1184.778,0.00055719,2.0
1185.268,0.000557032,2.0
1185.748,0.000556833,2.0
1186.218,0.000556813,2.0
1186.708,0.000557001,2.0
1187.208,0.000556711,2.0
1187.708,0.000556738,2.0
1188.208,0.000557042,2.0
1188.698,0.00055696,2.0
1189.188,0.000556685,2.0
1189.688,0.00055694,2.0
1190.178,0.000556943,2.0
1190.668,0.000556754,2.0
1191.218,0.000556895,2.0
1191.718,0.000556952,2.0
1192.218,0.000556869,2.0
1192.738,0.000556586,2.0
1193.217,0.000556756,2.0
1193.717,0.000556461,2.0
1194.187,0.000556755,2.0
1194.697,0.000556793,2.0
1195.167,0.000556533,2.0
1195.687,0.000556669,2.0
1196.157,0.000557017,2.0
1196.657,0.000556697,2.0
1197.167,0.000556726,2.0
1197.677,0.000556746,2.0
1198.167,0.000556798,2.0
1198.677,0.000556839,2.0
1199.167,0.000556748,2.0
1199.657,0.000556744,2.0
1200.137,0.000556844,2.0
1200.617,0.000556545,2.0
1201.087,0.000556575,2.0
1201.597,0.000556504,2.0
1202.077,0.000556539,2.0
1202.567,0.000556735,2.0
1203.047,0.000556816,2.0
1203.557,0.000556741,2.0
1204.037,0.000557024,2.0
1204.507,0.000556791,2.0
1205.007,0.00055669,2.0
1205.497,0.00055702,2.0
1205.967,0.000556763,2.0
1206.517,0.000556921,2.0
1207.007,0.000556973,2.0
1207.487,0.000557015,2.0
1207.967,0.000557061,2.0
1208.467,0.000556856,2.0
1208.937,0.000557053,2.0
1209.417,0.000557179,2.0
1209.916,0.000557269,2.0
1210.406,0.000557243,2.0
1210.916,0.000556703,2.0
1211.406,0.00055691,2.0
1211.906,0.000556773,2.0
1212.396,0.000556835,2.0
1212.876,0.000556797,2.0
1213.386,0.00055686,2.0
1213.856,0.000556909,2.0
1214.376,0.000556809,2.0
1214.876,0.000557135,2.0
1215.366,0.000557255,2.0
1215.856,0.000557113,2.0
1216.336,0.000556868,2.0
1216.816,0.000556841,2.0
1217.296,0.000556853,2.0
1217.796,0.000557101,2.0
1218.286,0.000557002,2.0
1218.766,0.000556877,2.0
1219.236,0.000556706,2.0
1219.716,0.000556624,2.0
1220.246,0.000556744,2.0
1220.736,0.000556698,2.0
1221.226,0.000556556,2.0
1221.766,0.000556697,2.0
1222.246,0.000556641,2.0
1222.716,0.000556818,2.0
1223.226,0.000556895,2.0
1223.696,0.000556765,2.0
1224.186,0.000556948,2.0
1224.696,0.000556631,2.0
1225.196,0.00055667,2.0
1225.696,0.000556661,2.0
1226.195,0.000556618,2.0
1226.705,0.000556669,2.0
1227.225,0.000556735,2.0
1227.735,0.00055657,2.0
1228.235,0.00055671,2.0
1228.715,0.00055665,2.0
1229.205,0.000556771,2.0
1229.705,0.000556872,2.0
1230.195,0.000556912,2.0
1230.675,0.000556993,2.0
1231.165,0.000556952,2.0
1231.655,0.000556904,2.0
1232.145,0.000557182,2.0
1232.635,0.000557061,2.0
1233.135,0.000556947,2.0
1233.625,0.000556874,2.0
1234.115,0.00055702,2.0
1234.595,0.000557047,2.0
1235.065,0.000557225,2.0
1235.545,0.000557296,2.0
1236.025,0.000557243,2.0
1236.515,0.000557041,2.0
1237.035,0.000557126,2.0
1237.525,0.000557051,2.0
1238.005,0.000556942,2.0
1238.495,0.00055717,2.0
1239.015,0.000557109,2.0
1239.515,0.000557184,2.0
1240.015,0.000557201,2.0
1240.505,0.000557294,2.0
1240.995,0.000557421,2.0
1241.515,0.000557369,2.0
1242.045,0.000557437,2.0
1242.535,0.000557505,2.0
1243.034,0.000557504,2.0
1243.514,0.000557739,2.0
1244.004,0.000557752,2.0
1244.494,0.000557625,2.0
1245.004,0.000557666,2.0
1245.474,0.000557531,2.0
1245.964,0.000557587,2.0
1246.474,0.000557834,2.0
1246.974,0.000557549,2.0
1247.474,0.000557637,2.0
1247.944,0.000557872,2.0
1248.444,0.00055739,2.0
1248.934,0.000557567,2.0
1249.414,0.000557703,2.0
1249.914,0.000558014,2.0
1250.404,0.000558078,2.0
1250.884,0.000558197,2.0
1251.364,0.000558088,2.0
1251.844,0.000558037,2.0
1252.374,0.000558013,2.0
1252.874,0.000558032,2.0
1253.354,0.000558271,2.0
1253.864,0.000558399,2.0
1254.344,0.000558479,2.0
1254.844,0.000558574,2.0
1255.314,0.000558709,2.0
1255.794,0.00055873,2.0
1256.264,0.000558945,2.0
1256.764,0.000559237,2.0
1257.244,0.000559269,2.0
1257.744,0.000559434,2.0
1258.244,0.000560123,2.0
1258.743,0.000560172,2.0
1259.223,0.000560431,2.0
1259.713,0.000560614,2.0
1260.203,0.00056056,2.0
1260.693,0.000560752,2.0
1261.173,0.000561098,2.0
1261.663,0.000561274,2.0
1262.153,0.000561392,2.0
1262.653,0.000561793,2.0
1263.143,0.00056186,2.0
1263.633,0.000561881,2.0
1264.153,0.000562247,2.0
1264.693,0.000562466,2.0
1265.173,0.000562525,2.0
1265.703,0.000562682,2.0
1266.183,0.000562679,2.0
1266.693,0.000562735,2.0
1267.183,0.000562711,2.0
1267.693,0.000563345,2.0
1268.183,0.000563214,2.0
1268.683,0.000563117,2.0
1269.193,0.000563384,2.0
1269.663,0.00056313,2.0
1270.163,0.00056352,2.0
1270.673,0.000563798,2.0
1271.163,0.00056359,2.0
1271.633,0.000563878,2.0
1272.113,0.000563925,2.0
1272.623,0.000564237,2.0
1273.123,0.000564319,2.0
1273.613,0.00056447,2.0
1274.103,0.000564594,2.0
1274.593,0.000564628,2.0
1275.093,0.000564886,2.0
1275.592,0.000564765,2.0
1276.072,0.000564809,2.0
1276.582,0.000564969,2.0
1277.062,0.000565059,2.0
1277.562,0.000565031,2.0
1278.032,0.000565073,2.0
1278.522,0.000565169,2.0
1279.012,0.000565276,2.0
1279.522,0.000564911,2.0
1280.002,0.000565082,2.0
1280.482,0.000565468,2.0
1280.982,0.000565325,2.0
1281.462,0.000565338,2.0
1281.952,0.000565474,2.0
1282.442,0.000565587,2.0
1282.992,0.000565654,2.0
1283.522,0.000565666,2.0
1284.002,0.000565821,2.0
1284.502,0.000565523,2.0
1284.992,0.000566008,2.0
1285.472,0.00056564,2.0
1286.002,0.000565654,2.0
1286.512,0.000565668,2.0
1286.992,0.000565972,2.0
1287.462,0.000565963,2.0
1287.942,0.000565926,2.0
1288.422,0.000566131,2.0
1288.932,0.000565827,2.0
1289.412,0.000566123,2.0
1289.902,0.000566353,2.0
1290.412,0.000566186,2.0
1290.912,0.000566145,2.0
1291.392,0.00056605,2.0
1291.901,0.000566007,2.0
1292.371,0.000566074,2.0
1292.851,0.000565972,2.0
1293.341,0.000566176,2.0
1293.811,0.000566248,2.0
1294.291,0.000566293,2.0
1294.771,0.000566274,2.0
1295.261,0.000566434,2.0
1295.741,0.000566339,2.0
1296.231,0.000566366,2.0
1296.711,0.000566607,2.0
1297.211,0.000566493,2.0
1297.691,0.000566636,2.0
1298.221,0.000566323,2.0
1298.721,0.00056653,2.0
1299.221,0.000566595,2.0
1299.721,0.000566926,2.0
1300.221,0.000566708,2.0
1300.701,0.000566792,2.0
1301.211,0.000566818,2.0
1301.721,0.00056668,2.0
1302.211,0.00056671,2.0
1302.711,0.000566543,2.0
1303.211,0.000566621,2.0
1303.711,0.000566643,2.0
1304.181,0.000566592,2.0
1304.671,0.000566564,2.0
1305.151,0.000566485,2.0
1305.641,0.000566732,2.0
1306.141,0.000566462,2.0
1306.661,0.000566661,2.0
1307.141,0.000566548,2.0
1307.641,0.000566679,2.0
1308.151,0.000566635,2.0
1308.640,0.00056663,2.0
1309.110,0.000566864,2.0
1309.590,0.000567006,2.0
1310.070,0.000566848,2.0
1310.560,0.000566877,2.0
1311.070,0.000566871,2.0
1311.580,0.000566939,2.0
1312.070,0.000566942,2.0
1312.570,0.000566692,2.0
1313.050,0.000566767,2.0
1313.610,0.000566845,2.0
1314.110,0.00056685,2.0
1314.600,0.000566962,2.0
1315.100,0.000566769,2.0
1315.570,0.000566592,2.0
1316.050,0.000566858,2.0
1316.550,0.000566832,2.0
1317.020,0.000566661,2.0
1317.540,0.000566878,2.0
1318.050,0.000566609,2.0
1318.550,0.000566732,2.0
1319.050,0.000566615,2.0
1319.530,0.000566695,2.0
1320.020,0.000566313,2.0
1320.540,0.000566816,2.0
1321.050,0.000566337,2.0
1321.540,0.000566779,2.0
1322.040,0.000566558,2.0
1322.540,0.000566527,2.0
1323.040,0.000566583,2.0
1323.540,0.000566567,2.0
1324.060,0.000566409,2.0
1324.549,0.000566393,2.0
1325.029,0.000566298,2.0
1325.509,0.000566461,2.0
1325.989,0.00056649,2.0
1326.479,0.000566636,2.0
1327.009,0.000566466,2.0
1327.499,0.000566605,2.0
1327.989,0.00056625,2.0
1328.499,0.000566539,2.0
1329.029,0.000566664,2.0
1329.519,0.000566591,2.0
1330.009,0.000566834,2.0
1330.529,0.00056667,2.0
1331.069,0.000566719,2.0
1331.549,0.00056689,2.0
1332.059,0.000566981,2.0
1332.569,0.000566919,2.0
1333.059,0.000566734,2.0
1333.569,0.000566807,2.0
1334.079,0.000566769,2.0
1334.579,0.000566909,2.0
1335.099,0.000566769,2.0
1335.589,0.000566637,2.0
1336.089,0.000566877,2.0
1336.589,0.00056679,2.0
1337.119,0.000566884,2.0
1337.619,0.000566455,2.0
1338.109,0.000566539,2.0
1338.629,0.000566604,2.0
1339.139,0.00056648,2.0
1339.659,0.000566686,2.0
1340.169,0.000566543,2.0
1340.659,0.000566458,2.0
1341.168,0.00056652,2.0
1341.698,0.000566713,2.0
1342.198,0.000566382,2.0
1342.708,0.000566138,2.0
1343.208,0.000566325,2.0
1343.738,0.000566423,2.0
1344.268,0.000566218,2.0
1344.778,0.000566348,2.0
1345.268,0.000566105,2.0
1345.768,0.000566283,2.0
1346.278,0.00056615,2.0
1346.778,0.000566244,2.0
1347.288,0.000566256,2.0
1347.768,0.000566138,2.0
1348.288,0.000566241,2.0
1348.788,0.000566214,2.0
1349.298,0.000566269,2.0
1349.788,0.000565971,2.0
1350.318,0.000566298,2.0
1350.818,0.000566195,2.0
1351.318,0.000565988,2.0
1351.848,0.000566169,2.0
1352.368,0.000566098,2.0
1352.868,0.000566226,2.0
1353.378,0.000566169,2.0
1353.878,0.000566286,2.0
1354.408,0.0005661,2.0
1354.938,0.000566194,2.0
1355.428,0.000566131,2.0
1355.938,0.000566217,2.0
1356.438,0.0005661,2.0
1356.948,0.000566237,2.0
1357.448,0.000566294,2.0
1357.937,0.000566183,2.0
1358.437,0.000566218,2.0
1358.947,0.000566139,2.0
1359.507,0.000566101,2.0
1360.027,0.000566044,2.0
1360.527,0.000566086,2.0
1361.027,0.000566194,2.0
1361.527,0.000565811,2.0
1362.037,0.000566123,2.0
1362.547,0.000565839,2.0
1363.057,0.000565929,2.0
1363.547,0.000566112,2.0
1364.057,0.000565872,2.0
1364.547,0.000565892,2.0
1365.047,0.000565985,2.0
1365.547,0.000565811,2.0
1366.057,0.000565832,2.0
1366.587,0.000565857,2.0
1367.097,0.000565882,2.0
1367.607,0.000565754,2.0
1368.117,0.000565621,2.0
1368.617,0.000565772,2.0
1369.117,0.000565578,2.0
1369.607,0.000565411,2.0
1370.097,0.000565616,2.0
1370.627,0.000565582,2.0
1371.147,0.000565755,2.0
1371.637,0.000565758,2.0
1372.137,0.000565453,2.0
1372.637,0.000565715,2.0
1373.157,0.000565813,2.0
1373.677,0.000565822,2.0
1374.166,0.000565634,2.0
1374.706,0.000565523,2.0
1375.236,0.000565636,2.0
1375.756,0.000565726,2.0
1376.256,0.000565889,2.0
1376.767,0.000565593,2.0
1377.256,0.000565878,2.0
1377.756,0.00056582,2.0
1378.256,0.000565857,2.0
1378.766,0.000565784,2.0
1379.256,0.000565656,2.0
1379.776,0.000565602,2.0
1380.296,0.000565804,2.0
1380.806,0.00056559,2.0
1381.316,0.000565761,2.0
1381.836,0.00056565,2.0
1382.366,0.000565829,2.0
1382.926,0.000565677,2.0
1383.456,0.000565509,2.0
1383.966,0.000565469,2.0
1384.486,0.000565635,2.0
1385.006,0.000565678,2.0
1385.526,0.000565559,2.0
1386.016,0.000565674,2.0
1386.586,0.000565573,2.0
1387.096,0.000565768,2.0
1387.596,0.000565659,2.0
1388.136,0.000565622,2.0
1388.636,0.000565629,2.0
1389.136,0.000565825,2.0
1389.646,0.000565531,2.0
1390.186,0.000565439,2.0
1390.685,0.000565519,2.0
1391.195,0.000565411,2.0
1391.705,0.000565309,2.0
1392.215,0.00056533,2.0
1392.745,0.000565464,2.0
1393.255,0.000565103,2.0
1393.775,0.000565175,2.0
1394.275,0.000565118,2.0
1394.795,0.000565125,2.0
1395.305,0.000565306,2.0
1395.805,0.000565252,2.0
1396.375,0.000565309,2.0
1396.885,0.000565166,2.0
1397.385,0.000565227,2.0
1397.885,0.000565214,2.0
1398.395,0.000565368,2.0
1398.885,0.000565416,2.0
1399.415,0.000565153,2.0
1399.945,0.000565171,2.0
1400.485,0.000565267,2.0
1400.985,0.000565213,2.0
1401.505,0.00056517,2.0
1402.035,0.00056518,2.0
1402.525,0.000565097,2.0
1403.045,0.000565276,2.0
1403.565,0.000565169,2.0
1404.095,0.000565269,2.0
1404.615,0.000565284,2.0
1405.135,0.000565597,2.0
1405.705,0.000565401,2.0
1406.215,0.000565371,2.0
1406.735,0.000565325,2.0
1407.264,0.000565377,2.0
1407.764,0.000565151,2.0
1408.274,0.000565442,2.0
1408.774,0.000565373,2.0
1409.324,0.000565141,2.0
1409.934,0.000565249,2.0
1410.484,0.000565182,2.0
