# Time (sec),Drain (A),Drain (V)
0.000,0.000424043,2.0
0.420,0.000426328,2.0
0.850,0.00043108,2.0
1.390,0.000437446,2.0
1.990,0.000444231,2.0
2.560,0.000450464,2.0
3.030,0.00045548,2.0
3.550,0.000460992,2.0
4.120,0.00046639,2.0
4.510,0.000470302,2.0
4.940,0.000474328,2.0
5.410,0.000478688,2.0
5.890,0.000482825,2.0
6.400,0.000487009,2.0
6.920,0.000491507,2.0
7.440,0.000495729,2.0
7.910,0.00049925,2.0
8.429,0.000503091,2.0
8.939,0.000506871,2.0
9.369,0.000509905,2.0
9.789,0.00051276,2.0
10.239,0.000515645,2.0
10.719,0.000518745,2.0
11.169,0.000521563,2.0
11.649,0.000524384,2.0
12.139,0.00052734,2.0
12.629,0.000530318,2.0
13.109,0.00053313,2.0
13.579,0.000535775,2.0
14.109,0.000538614,2.0
14.629,0.000541291,2.0
15.119,0.000543977,2.0
15.679,0.000546607,2.0
16.229,0.000549343,2.0
16.759,0.000552082,2.0
17.289,0.000554456,2.0
17.849,0.00055699,2.0
18.429,0.000559847,2.0
18.919,0.00056196,2.0
19.419,0.000564022,2.0
19.919,0.000565978,2.0
20.429,0.000568241,2.0
20.929,0.000570046,2.0
21.429,0.00057211,2.0
21.939,0.000574114,2.0
22.459,0.000576142,2.0
22.979,0.000578259,2.0
23.509,0.000580207,2.0
24.029,0.000581971,2.0
24.589,0.000583906,2.0
25.138,0.000585873,2.0
25.678,0.000587697,2.0
26.158,0.000589139,2.0
26.678,0.000591061,2.0
27.168,0.000592699,2.0
27.688,0.000594199,2.0
28.228,0.00059593,2.0
28.768,0.000597683,2.0
29.288,0.000599141,2.0
29.818,0.000600593,2.0
30.338,0.000602256,2.0
30.908,0.000603651,2.0
31.448,0.000605506,2.0
32.008,0.00060686,2.0
32.548,0.00060832,2.0
33.088,0.000609759,2.0
33.628,0.000611277,2.0
34.198,0.000612531,2.0
34.728,0.0006138,2.0
35.268,0.000615231,2.0
35.818,0.00061635,2.0
36.398,0.000617766,2.0
36.928,0.000618972,2.0
37.448,0.000620546,2.0
37.948,0.00062155,2.0
38.448,0.000622548,2.0
38.978,0.000623814,2.0
39.518,0.000625031,2.0
40.058,0.000626109,2.0
40.608,0.000627313,2.0
41.138,0.000628388,2.0
41.667,0.000629637,2.0
42.077,0.000630565,2.0
42.507,0.000631622,2.0
42.917,0.000632262,2.0
43.347,0.000632976,2.0
43.797,0.000633895,2.0
44.217,0.000634859,2.0
44.627,0.000635523,2.0
45.027,0.00063657,2.0
45.437,0.000637063,2.0
45.907,0.000638176,2.0
46.307,0.000638917,2.0
46.707,0.000639714,2.0
47.137,0.000640544,2.0
47.567,0.00064119,2.0
48.027,0.000641931,2.0
48.477,0.000642782,2.0
48.937,0.000643647,2.0
49.387,0.00064433,2.0
49.847,0.000645272,2.0
50.287,0.000646057,2.0
50.737,0.00064696,2.0
51.197,0.000647813,2.0
51.647,0.000648456,2.0
52.107,0.000648922,2.0
52.567,0.000649892,2.0
53.027,0.000650724,2.0
53.487,0.000651351,2.0
53.957,0.000652301,2.0
54.417,0.000652786,2.0
54.897,0.000653539,2.0
55.327,0.000654215,2.0
55.777,0.000654917,2.0
56.237,0.00065539,2.0
56.687,0.000655996,2.0
57.147,0.000656737,2.0
57.617,0.000657506,2.0
58.086,0.000657998,2.0
58.586,0.000658976,2.0
59.056,0.000659457,2.0
59.526,0.000660192,2.0
59.996,0.000660816,2.0
60.466,0.000661592,2.0
60.926,0.000662352,2.0
61.426,0.000663025,2.0
61.896,0.000663742,2.0
62.346,0.000664226,2.0
62.816,0.000664912,2.0
63.296,0.000665396,2.0
63.756,0.000666003,2.0
64.236,0.000666672,2.0
64.716,0.000667202,2.0
65.176,0.000667779,2.0
65.646,0.000668482,2.0
66.106,0.000669168,2.0
66.566,0.000669626,2.0
67.026,0.000670227,2.0
67.526,0.000670787,2.0
68.016,0.000671377,2.0
68.496,0.000671881,2.0
68.986,0.00067265,2.0
69.456,0.000673323,2.0
69.916,0.000674009,2.0
70.406,0.000674365,2.0
70.866,0.000675068,2.0
71.356,0.000675629,2.0
71.846,0.000675985,2.0
72.326,0.000676366,2.0
72.816,0.000677283,2.0
73.216,0.000677664,2.0
73.656,0.000678041,2.0
74.096,0.000678446,2.0
74.535,0.000678954,2.0
74.945,0.000679272,2.0
75.355,0.000679777,2.0
75.795,0.000680052,2.0
76.215,0.000680571,2.0
76.705,0.000681127,2.0
77.145,0.000681639,2.0
77.565,0.000682089,2.0
78.015,0.000682609,2.0
78.475,0.000683062,2.0
78.895,0.000683393,2.0
79.315,0.000683504,2.0
79.735,0.000684023,2.0
80.165,0.000684611,2.0
80.625,0.000684888,2.0
81.055,0.000685356,2.0
81.515,0.000685714,2.0
81.975,0.000686263,2.0
82.395,0.000686758,2.0
82.835,0.000687171,2.0
83.315,0.000687577,2.0
83.795,0.00068799,2.0
84.265,0.000688461,2.0
84.735,0.00068894,2.0
85.205,0.000689061,2.0
85.665,0.000689365,2.0
86.135,0.000689793,2.0
86.595,0.000690471,2.0
87.055,0.000691018,2.0
87.525,0.000691252,2.0
87.965,0.000691525,2.0
88.425,0.000692067,2.0
88.855,0.000692289,2.0
89.315,0.000692519,2.0
89.765,0.000693109,2.0
90.215,0.000693616,2.0
90.684,0.000694135,2.0
91.154,0.000694476,2.0
91.614,0.000694684,2.0
92.114,0.000695411,2.0
92.564,0.000695573,2.0
93.014,0.000695969,2.0
93.474,0.000696164,2.0
93.914,0.000696512,2.0
94.344,0.000696928,2.0
94.814,0.000697315,2.0
95.274,0.000697751,2.0
95.754,0.000698235,2.0
96.214,0.000698577,2.0
96.714,0.000698826,2.0
97.174,0.000699418,2.0
97.674,0.000699728,2.0
98.144,0.000700008,2.0
98.624,0.000700576,2.0
99.114,0.000700886,2.0
99.594,0.000701169,2.0
100.094,0.000701314,2.0
100.574,0.000701538,2.0
101.034,0.000701979,2.0
101.504,0.000702362,2.0
101.994,0.000702593,2.0
102.474,0.000703166,2.0
102.934,0.000703423,2.0
103.394,0.000703729,2.0
103.864,0.000703918,2.0
104.354,0.000704321,2.0
104.814,0.000704688,2.0
105.284,0.000704695,2.0
105.744,0.000705069,2.0
106.234,0.000705868,2.0
106.724,0.000705856,2.0
107.253,0.000706185,2.0
107.743,0.000706536,2.0
108.233,0.000706965,2.0
108.723,0.000707307,2.0
109.223,0.000707494,2.0
109.703,0.000708145,2.0
110.203,0.000708317,2.0
110.673,0.000708653,2.0
111.143,0.000708952,2.0
111.623,0.000709527,2.0
112.113,0.000709782,2.0
112.603,0.0007102,2.0
113.083,0.000710552,2.0
113.553,0.00071099,2.0
114.023,0.000711138,2.0
114.473,0.000711216,2.0
114.983,0.000711581,2.0
115.473,0.000711858,2.0
115.953,0.000712171,2.0
116.433,0.000712395,2.0
116.933,0.000712681,2.0
117.413,0.000713208,2.0
117.903,0.000713289,2.0
118.383,0.00071348,2.0
118.893,0.000713859,2.0
119.383,0.000714282,2.0
119.873,0.000714471,2.0
120.393,0.000714817,2.0
120.883,0.000715181,2.0
121.363,0.000715423,2.0
121.893,0.000715824,2.0
122.433,0.000715992,2.0
122.913,0.000716338,2.0
123.423,0.000716462,2.0
123.922,0.000716795,2.0
124.402,0.000717049,2.0
124.892,0.000717548,2.0
125.402,0.000717658,2.0
125.892,0.000717871,2.0
126.402,0.000718188,2.0
126.922,0.000718353,2.0
127.412,0.000718704,2.0
127.912,0.00071883,2.0
128.422,0.000719023,2.0
128.932,0.000719526,2.0
129.432,0.000719695,2.0
129.922,0.000719746,2.0
130.412,0.000720117,2.0
130.902,0.000720365,2.0
131.412,0.000720816,2.0
131.902,0.000720983,2.0
132.382,0.000721476,2.0
132.862,0.000721705,2.0
133.362,0.000721909,2.0
133.872,0.000722218,2.0
134.392,0.000722536,2.0
134.902,0.000722769,2.0
135.392,0.000723047,2.0
135.892,0.0007233,2.0
136.402,0.000723574,2.0
136.882,0.000723679,2.0
137.402,0.00072394,2.0
137.962,0.000724366,2.0
138.442,0.000724682,2.0
138.932,0.000724442,2.0
139.412,0.000724882,2.0
139.931,0.000725188,2.0
140.431,0.000725384,2.0
140.941,0.000725468,2.0
141.441,0.000725608,2.0
141.971,0.000726168,2.0
142.471,0.000726072,2.0
142.951,0.000726765,2.0
143.451,0.000726989,2.0
143.961,0.000727106,2.0
144.471,0.000727111,2.0
144.981,0.000727558,2.0
145.451,0.000727848,2.0
145.961,0.000728034,2.0
146.451,0.0007283,2.0
146.951,0.000728174,2.0
147.481,0.000728404,2.0
147.931,0.000728841,2.0
148.391,0.000729008,2.0
148.901,0.000728924,2.0
149.391,0.000729059,2.0
149.891,0.000729536,2.0
150.421,0.000729603,2.0
150.901,0.000730115,2.0
151.401,0.000730172,2.0
151.901,0.000730584,2.0
152.381,0.000730577,2.0
152.871,0.000730826,2.0
153.421,0.000731181,2.0
153.901,0.000731174,2.0
154.401,0.00073169,2.0
154.891,0.000731728,2.0
155.391,0.000731829,2.0
155.881,0.000732113,2.0
156.381,0.000732464,2.0
156.870,0.00073243,2.0
157.340,0.000732902,2.0
157.840,0.000732735,2.0
158.330,0.000733005,2.0
158.830,0.000733323,2.0
159.330,0.000733484,2.0
159.830,0.00073372,2.0
160.320,0.000733891,2.0
160.810,0.00073424,2.0
161.320,0.000734279,2.0
161.820,0.000734684,2.0
162.340,0.000734755,2.0
162.870,0.000734979,2.0
163.390,0.000735146,2.0
163.900,0.000735264,2.0
164.400,0.000735068,2.0
164.920,0.000735488,2.0
165.420,0.000735784,2.0
165.930,0.00073607,2.0
166.460,0.000736278,2.0
166.960,0.000736529,2.0
167.490,0.000736741,2.0
168.020,0.000736778,2.0
168.570,0.000736914,2.0
169.070,0.000737157,2.0
169.610,0.000737194,2.0
170.140,0.000737524,2.0
170.650,0.000737708,2.0
171.180,0.000737836,2.0
171.710,0.000738153,2.0
172.250,0.000738347,2.0
172.800,0.000738665,2.0
173.329,0.000738686,2.0
173.859,0.000738952,2.0
174.399,0.000739073,2.0
174.929,0.000739188,2.0
175.479,0.000739394,2.0
175.999,0.000739702,2.0
176.509,0.000739981,2.0
177.009,0.00073999,2.0
177.529,0.000740048,2.0
178.059,0.000740414,2.0
178.579,0.000740449,2.0
179.089,0.000740774,2.0
179.599,0.000740974,2.0
180.129,0.000741376,2.0
180.669,0.000741162,2.0
181.189,0.000741552,2.0
181.709,0.000741805,2.0
182.239,0.000741967,2.0
182.709,0.000741944,2.0
183.199,0.000742353,2.0
183.709,0.000742331,2.0
184.179,0.000742527,2.0
184.649,0.000742556,2.0
185.109,0.000742662,2.0
185.559,0.000742841,2.0
185.999,0.000743256,2.0
186.479,0.00074334,2.0
186.939,0.000743568,2.0
187.419,0.000743566,2.0
187.939,0.000743673,2.0
188.479,0.000743934,2.0
188.999,0.000744117,2.0
189.548,0.000744082,2.0
190.098,0.000744424,2.0
190.608,0.000744293,2.0
191.058,0.000744531,2.0
191.548,0.000744753,2.0
192.038,0.000745091,2.0
192.548,0.000745038,2.0
192.998,0.000744977,2.0
193.488,0.000745326,2.0
193.958,0.000745335,2.0
194.458,0.000745453,2.0
194.958,0.000745714,2.0
195.438,0.000745921,2.0
195.938,0.000746163,2.0
196.448,0.000746057,2.0
196.938,0.000746138,2.0
197.438,0.000746256,2.0
197.928,0.000746593,2.0
198.398,0.000746511,2.0
198.928,0.00074659,2.0
199.438,0.000746775,2.0
199.938,0.000747128,2.0
200.418,0.000747371,2.0
200.908,0.000747323,2.0
201.388,0.000747311,2.0
201.888,0.000747819,2.0
202.358,0.000747837,2.0
202.878,0.000747933,2.0
203.368,0.000747755,2.0
203.868,0.000748026,2.0
204.378,0.000748411,2.0
204.868,0.00074851,2.0
205.348,0.0007486,2.0
205.848,0.000748761,2.0
206.337,0.000748832,2.0
206.837,0.000749068,2.0
207.317,0.000749093,2.0
207.837,0.000749288,2.0
208.337,0.000749565,2.0
208.847,0.000749516,2.0
209.307,0.000749729,2.0
209.797,0.000750068,2.0
210.277,0.000750157,2.0
210.767,0.000750232,2.0
211.247,0.000750105,2.0
211.737,0.000750288,2.0
212.247,0.000750438,2.0
212.747,0.000750654,2.0
213.237,0.000750835,2.0
213.737,0.000750825,2.0
214.237,0.000750864,2.0
214.717,0.000750928,2.0
215.207,0.000750985,2.0
215.687,0.000751195,2.0
216.187,0.000751393,2.0
216.657,0.000751615,2.0
217.147,0.000751477,2.0
217.627,0.000751593,2.0
218.107,0.000751776,2.0
218.597,0.000751911,2.0
219.097,0.000751888,2.0
219.587,0.000752217,2.0
220.067,0.000752357,2.0
220.557,0.000752784,2.0
221.027,0.000752593,2.0
221.517,0.000752584,2.0
222.027,0.000753139,2.0
222.516,0.000753154,2.0
223.026,0.000753014,2.0
223.506,0.000752941,2.0
223.986,0.000753011,2.0
224.466,0.000753018,2.0
224.966,0.000752922,2.0
225.476,0.000753014,2.0
225.976,0.000752822,2.0
226.476,0.000752999,2.0
226.966,0.00075331,2.0
227.446,0.000753235,2.0
227.966,0.000753397,2.0
228.466,0.000753466,2.0
228.966,0.000753405,2.0
229.506,0.000753058,2.0
229.996,0.000752884,2.0
230.476,0.000752667,2.0
230.966,0.000752913,2.0
231.466,0.000752581,2.0
231.966,0.000752596,2.0
232.456,0.000752414,2.0
232.926,0.00075196,2.0
233.406,0.000751778,2.0
233.886,0.000751719,2.0
234.386,0.000751754,2.0
234.866,0.000751638,2.0
235.386,0.000751307,2.0
235.896,0.000751237,2.0
236.376,0.000751059,2.0
236.896,0.000750649,2.0
237.376,0.000750852,2.0
237.856,0.000750862,2.0
238.346,0.000750765,2.0
239.005,0.000750673,2.0
239.615,0.000750554,2.0
240.155,0.00075031,2.0
240.705,0.000750196,2.0
241.315,0.000750214,2.0
241.875,0.000750026,2.0
242.425,0.000750046,2.0
242.965,0.000749952,2.0
243.455,0.000750059,2.0
243.965,0.000749733,2.0
244.475,0.000749688,2.0
245.005,0.00074987,2.0
245.505,0.000749389,2.0
246.005,0.000749437,2.0
246.515,0.00074918,2.0
247.005,0.00074891,2.0
247.505,0.000748957,2.0
248.005,0.000748919,2.0
248.505,0.000748677,2.0
249.005,0.00074883,2.0
249.515,0.00074877,2.0
250.015,0.00074881,2.0
250.495,0.000748729,2.0
251.005,0.000748777,2.0
251.505,0.000748605,2.0
252.035,0.000748535,2.0
252.525,0.000748323,2.0
253.045,0.000748315,2.0
253.545,0.000748212,2.0
254.045,0.000748285,2.0
254.565,0.000748216,2.0
255.055,0.000748286,2.0
255.544,0.000747999,2.0
256.064,0.000748023,2.0
256.564,0.000747985,2.0
257.084,0.000747972,2.0
257.594,0.000747769,2.0
258.084,0.000747532,2.0
258.594,0.000747594,2.0
259.094,0.000747356,2.0
259.594,0.000747474,2.0
260.114,0.000747259,2.0
260.594,0.000747256,2.0
261.094,0.000747298,2.0
261.594,0.000747433,2.0
262.094,0.000747111,2.0
262.594,0.000747076,2.0
263.114,0.000746949,2.0
263.634,0.000746952,2.0
264.134,0.000746956,2.0
264.654,0.000746765,2.0
265.144,0.000746502,2.0
265.644,0.000746604,2.0
266.164,0.000746683,2.0
266.634,0.000746524,2.0
267.114,0.000746719,2.0
267.624,0.000746406,2.0
268.114,0.000746225,2.0
268.604,0.00074629,2.0
269.104,0.000746464,2.0
269.604,0.000746391,2.0
270.104,0.000746204,2.0
270.604,0.000746162,2.0
271.104,0.000746047,2.0
271.613,0.000746222,2.0
272.253,0.000745822,2.0
272.813,0.000745672,2.0
273.323,0.000745449,2.0
273.833,0.000745647,2.0
274.303,0.000745549,2.0
274.793,0.000745565,2.0
275.313,0.000745364,2.0
275.803,0.000745202,2.0
276.313,0.000745167,2.0
276.813,0.000745124,2.0
277.313,0.000745021,2.0
277.823,0.000745143,2.0
278.283,0.0007452,2.0
278.773,0.000745038,2.0
279.263,0.000745395,2.0
279.763,0.000745056,2.0
280.263,0.000745252,2.0
280.753,0.000745347,2.0
281.263,0.000745,2.0
281.763,0.00074489,2.0
282.273,0.000744839,2.0
282.793,0.000745083,2.0
283.293,0.000744952,2.0
283.803,0.000745122,2.0
284.303,0.000744741,2.0
284.793,0.000744827,2.0
285.313,0.000744779,2.0
285.823,0.000744648,2.0
286.313,0.000745033,2.0
286.833,0.000744913,2.0
287.363,0.000744822,2.0
287.893,0.000744656,2.0
288.402,0.000744492,2.0
288.902,0.000744631,2.0
289.422,0.000744392,2.0
289.932,0.000744791,2.0
290.482,0.000744611,2.0
291.022,0.000744438,2.0
291.542,0.000744635,2.0
292.072,0.00074468,2.0
292.592,0.000744655,2.0
293.112,0.000744599,2.0
293.642,0.0007445,2.0
294.142,0.000744195,2.0
294.662,0.000744163,2.0
295.172,0.000743735,2.0
295.692,0.000743703,2.0
296.222,0.000743686,2.0
296.742,0.000744123,2.0
297.272,0.000743802,2.0
297.802,0.000743694,2.0
298.312,0.000743405,2.0
298.812,0.000743644,2.0
299.312,0.000743355,2.0
299.862,0.000743471,2.0
300.382,0.000743443,2.0
300.872,0.000743326,2.0
301.412,0.0007434,2.0
301.952,0.000743344,2.0
302.482,0.000743454,2.0
302.992,0.000743055,2.0
303.532,0.000743164,2.0
304.042,0.000742935,2.0
304.571,0.000743018,2.0
305.101,0.000743159,2.0
305.651,0.000743462,2.0
306.171,0.000743229,2.0
306.691,0.000743116,2.0
307.231,0.00074314,2.0
307.731,0.000743127,2.0
308.251,0.000742768,2.0
308.751,0.000742962,2.0
309.261,0.000742906,2.0
309.781,0.000742943,2.0
310.301,0.000743198,2.0
310.831,0.000744483,2.0
311.341,0.000744634,2.0
311.851,0.000744675,2.0
312.361,0.000744665,2.0
312.851,0.00074475,2.0
313.351,0.000744592,2.0
313.861,0.000744389,2.0
314.381,0.000744462,2.0
314.861,0.000744461,2.0
315.351,0.000744849,2.0
315.891,0.000744491,2.0
316.391,0.000744969,2.0
316.881,0.000744499,2.0
317.411,0.000744865,2.0
317.931,0.00074481,2.0
318.441,0.000744228,2.0
318.971,0.000744288,2.0
319.491,0.000744566,2.0
320.001,0.000744653,2.0
320.491,0.00074458,2.0
321.031,0.000744512,2.0
321.540,0.000744313,2.0
322.060,0.000744084,2.0
322.590,0.000744362,2.0
323.090,0.000744421,2.0
323.600,0.000744354,2.0
324.110,0.000744536,2.0
324.630,0.000744295,2.0
325.130,0.000744352,2.0
325.650,0.000744467,2.0
326.170,0.000744209,2.0
326.690,0.000743993,2.0
327.200,0.000744026,2.0
327.710,0.000744022,2.0
328.260,0.000744327,2.0
328.780,0.000744065,2.0
329.310,0.000744166,2.0
329.820,0.000744131,2.0
330.360,0.000743835,2.0
330.870,0.000744005,2.0
331.390,0.000744069,2.0
331.920,0.000743991,2.0
332.440,0.000743934,2.0
332.940,0.000743822,2.0
333.420,0.000743752,2.0
333.950,0.000743926,2.0
334.470,0.000743778,2.0
335.000,0.000744159,2.0
335.550,0.000744001,2.0
336.060,0.00074394,2.0
336.650,0.00074401,2.0
337.190,0.000743897,2.0
337.729,0.000743662,2.0
338.259,0.000743856,2.0
338.819,0.000744101,2.0
339.359,0.000743812,2.0
339.909,0.000743848,2.0
340.429,0.000743791,2.0
340.959,0.000743479,2.0
341.459,0.00074376,2.0
341.969,0.000743368,2.0
342.509,0.000743232,2.0
343.039,0.000743459,2.0
343.559,0.000743443,2.0
344.089,0.000743339,2.0
344.609,0.000743521,2.0
345.149,0.000743223,2.0
345.689,0.000743438,2.0
346.209,0.000743258,2.0
346.739,0.000743301,2.0
347.279,0.000743649,2.0
347.819,0.00074374,2.0
348.409,0.000743427,2.0
348.989,0.000743333,2.0
349.509,0.000743479,2.0
350.019,0.000743788,2.0
350.579,0.000743556,2.0
351.089,0.000743867,2.0
351.639,0.000743375,2.0
352.199,0.000743252,2.0
352.759,0.000743436,2.0
353.279,0.000743248,2.0
353.818,0.000743217,2.0
354.368,0.000743085,2.0
354.898,0.00074304,2.0
355.438,0.00074301,2.0
355.988,0.000743343,2.0
356.538,0.000742908,2.0
357.068,0.000742856,2.0
357.618,0.000742952,2.0
358.158,0.000742848,2.0
358.678,0.000743015,2.0
359.198,0.000742824,2.0
359.738,0.000743018,2.0
360.268,0.00074295,2.0
360.798,0.000743034,2.0
361.318,0.000742927,2.0
361.848,0.00074311,2.0
362.378,0.000743146,2.0
362.918,0.000743316,2.0
363.448,0.000742999,2.0
363.998,0.000742831,2.0
364.478,0.000742797,2.0
364.948,0.000742884,2.0
365.428,0.000742887,2.0
365.918,0.000742973,2.0
366.388,0.000742724,2.0
366.858,0.000742685,2.0
367.358,0.000742346,2.0
367.848,0.000742799,2.0
368.328,0.000742464,2.0
368.838,0.000742837,2.0
369.388,0.000742713,2.0
369.928,0.000742927,2.0
370.418,0.000742961,2.0
370.907,0.000742902,2.0
371.407,0.000742398,2.0
371.967,0.000742781,2.0
372.447,0.000742477,2.0
372.937,0.000742801,2.0
373.427,0.000742655,2.0
373.917,0.000742657,2.0
374.397,0.000742767,2.0
374.907,0.000742507,2.0
375.367,0.000742975,2.0
375.847,0.000742834,2.0
376.367,0.000742319,2.0
376.837,0.000742451,2.0
377.317,0.000742308,2.0
377.817,0.000742437,2.0
378.297,0.00074252,2.0
378.777,0.000742292,2.0
379.267,0.000742587,2.0
379.757,0.000742418,2.0
380.217,0.000742757,2.0
380.727,0.000742584,2.0
381.187,0.000742563,2.0
381.687,0.000742787,2.0
382.177,0.000742387,2.0
382.717,0.000742311,2.0
383.207,0.000742445,2.0
383.707,0.000742416,2.0
384.197,0.000742626,2.0
384.687,0.000742305,2.0
385.177,0.000742196,2.0
385.657,0.000742346,2.0
386.147,0.00074242,2.0
386.627,0.000742376,2.0
387.106,0.000742643,2.0
387.586,0.000742584,2.0
388.086,0.00074245,2.0
388.576,0.000742263,2.0
389.056,0.000742302,2.0
389.586,0.000742183,2.0
390.066,0.000742493,2.0
390.536,0.000742271,2.0
391.016,0.000742375,2.0
391.516,0.000742447,2.0
392.006,0.000742605,2.0
392.486,0.00074227,2.0
392.996,0.000741957,2.0
393.486,0.000741909,2.0
393.966,0.000742012,2.0
394.456,0.000742118,2.0
394.956,0.000742305,2.0
395.446,0.000742385,2.0
395.966,0.000742053,2.0
396.436,0.000741833,2.0
396.926,0.000741909,2.0
397.426,0.000742086,2.0
397.956,0.000741879,2.0
398.436,0.000742115,2.0
398.936,0.000742141,2.0
399.436,0.000741861,2.0
399.926,0.000741876,2.0
400.416,0.000741737,2.0
400.916,0.000741998,2.0
401.416,0.000742009,2.0
401.906,0.000741807,2.0
402.406,0.00074211,2.0
402.896,0.000742158,2.0
403.385,0.000742261,2.0
403.875,0.000742108,2.0
404.345,0.000741916,2.0
404.855,0.000741907,2.0
405.355,0.000741656,2.0
405.865,0.000741982,2.0
406.365,0.000741738,2.0
406.875,0.000741878,2.0
407.375,0.000741571,2.0
407.865,0.000741919,2.0
408.355,0.000741864,2.0
408.855,0.000741967,2.0
409.365,0.000741576,2.0
409.885,0.000741793,2.0
410.415,0.000741763,2.0
410.895,0.000741571,2.0
411.395,0.000741428,2.0
411.885,0.000741463,2.0
412.385,0.000741446,2.0
412.885,0.000741416,2.0
413.405,0.000741458,2.0
413.895,0.000741487,2.0
414.385,0.000741234,2.0
414.905,0.000741211,2.0
415.405,0.000741228,2.0
415.895,0.000741314,2.0
416.375,0.000741317,2.0
416.875,0.000741321,2.0
417.375,0.000741327,2.0
417.865,0.000741483,2.0
418.365,0.000741097,2.0
418.855,0.000741371,2.0
419.365,0.000741422,2.0
419.864,0.000741445,2.0
420.364,0.000741227,2.0
420.864,0.000741405,2.0
421.344,0.000741085,2.0
421.864,0.000741224,2.0
422.364,0.000741206,2.0
422.854,0.000741339,2.0
423.344,0.000741413,2.0
423.864,0.000741614,2.0
424.364,0.000741413,2.0
424.864,0.000740927,2.0
425.364,0.000741117,2.0
425.874,0.000740809,2.0
426.374,0.00074101,2.0
426.884,0.000740957,2.0
427.394,0.000740839,2.0
427.884,0.000741229,2.0
428.374,0.0007409,2.0
428.904,0.000740796,2.0
429.414,0.000740942,2.0
429.924,0.000741004,2.0
430.414,0.000740954,2.0
430.914,0.000740939,2.0
431.444,0.000741154,2.0
431.934,0.000741346,2.0
432.424,0.000741464,2.0
432.914,0.000741289,2.0
433.414,0.000741441,2.0
433.904,0.000741535,2.0
434.404,0.00074152,2.0
434.904,0.000741652,2.0
435.394,0.000741676,2.0
435.884,0.000741633,2.0
436.393,0.000741953,2.0
436.883,0.000741924,2.0
437.393,0.000742158,2.0
437.873,0.000742437,2.0
438.383,0.000742457,2.0
438.873,0.000742565,2.0
439.363,0.000742842,2.0
439.853,0.00074252,2.0
440.353,0.000742811,2.0
440.843,0.000743055,2.0
441.323,0.000743046,2.0
441.823,0.000743241,2.0
442.323,0.000743322,2.0
442.833,0.000743568,2.0
443.343,0.000743612,2.0
443.833,0.000743763,2.0
444.363,0.00074398,2.0
444.853,0.000744168,2.0
445.353,0.000744488,2.0
445.863,0.000744245,2.0
446.363,0.000744808,2.0
446.853,0.000744852,2.0
447.343,0.00074502,2.0
447.863,0.000745243,2.0
448.363,0.000745214,2.0
448.843,0.000745571,2.0
449.333,0.000745662,2.0
449.823,0.000746005,2.0
450.323,0.000745983,2.0
450.843,0.000746061,2.0
451.353,0.000746205,2.0
451.853,0.000746732,2.0
452.353,0.000746744,2.0
452.852,0.000747105,2.0
453.342,0.000747396,2.0
453.832,0.000747942,2.0
454.342,0.000747888,2.0
454.832,0.000748283,2.0
455.332,0.00074904,2.0
455.852,0.000749236,2.0
456.362,0.000749408,2.0
456.852,0.000749621,2.0
457.352,0.00075018,2.0
457.862,0.000750365,2.0
458.382,0.00075078,2.0
458.862,0.000751176,2.0
459.352,0.000751367,2.0
459.892,0.000751565,2.0
460.382,0.000751891,2.0
460.882,0.000752037,2.0
461.382,0.00075212,2.0
461.872,0.000752727,2.0
462.372,0.000752507,2.0
462.872,0.000752979,2.0
463.352,0.000753236,2.0
463.842,0.000753378,2.0
464.342,0.000753974,2.0
464.842,0.000754025,2.0
465.352,0.000754621,2.0
465.832,0.000754632,2.0
466.342,0.000754801,2.0
466.832,0.000754949,2.0
467.322,0.000755236,2.0
467.822,0.000755569,2.0
468.342,0.000755895,2.0
468.822,0.000755906,2.0
469.321,0.000756398,2.0
469.821,0.000756525,2.0
470.291,0.000756742,2.0
470.771,0.00075686,2.0
471.271,0.000756844,2.0
471.761,0.00075748,2.0
472.251,0.000757222,2.0
472.741,0.000757209,2.0
473.231,0.000757709,2.0
473.721,0.000757872,2.0
474.211,0.000757812,2.0
474.711,0.000758321,2.0
475.231,0.000758233,2.0
475.711,0.000758547,2.0
476.231,0.000759078,2.0
476.761,0.000758908,2.0
477.291,0.00075896,2.0
477.811,0.000759324,2.0
478.331,0.000759616,2.0
478.841,0.000759661,2.0
479.341,0.000760045,2.0
479.851,0.000760256,2.0
480.361,0.000760677,2.0
480.861,0.000760771,2.0
481.371,0.000760952,2.0
481.881,0.000760963,2.0
482.391,0.000761404,2.0
482.901,0.000761372,2.0
483.421,0.000761696,2.0
483.921,0.000761615,2.0
484.431,0.000761975,2.0
484.951,0.000761888,2.0
485.441,0.000762304,2.0
485.960,0.000762475,2.0
486.470,0.000762967,2.0
487.010,0.00076283,2.0
487.590,0.000762993,2.0
488.100,0.000763388,2.0
488.610,0.000763412,2.0
489.120,0.000763562,2.0
489.610,0.000763688,2.0
490.110,0.000763988,2.0
490.670,0.000763792,2.0
491.200,0.000763864,2.0
491.700,0.000764152,2.0
492.190,0.000764418,2.0
492.700,0.000764512,2.0
493.220,0.000764701,2.0
493.730,0.000764862,2.0
494.230,0.000764977,2.0
494.770,0.000765028,2.0
495.270,0.000765132,2.0
495.770,0.00076547,2.0
496.250,0.000765669,2.0
496.780,0.000765464,2.0
497.300,0.000765729,2.0
497.790,0.00076582,2.0
498.320,0.000765766,2.0
498.840,0.00076605,2.0
499.340,0.000766237,2.0
499.860,0.000766228,2.0
500.350,0.000766393,2.0
500.890,0.000766557,2.0
501.410,0.000766895,2.0
501.929,0.000766611,2.0
502.449,0.000767125,2.0
502.969,0.000767186,2.0
503.459,0.000767348,2.0
503.969,0.000767384,2.0
504.479,0.000767297,2.0
504.989,0.00076756,2.0
505.499,0.000767626,2.0
506.039,0.000767539,2.0
506.569,0.000767621,2.0
507.079,0.000767981,2.0
507.569,0.000767955,2.0
508.079,0.000768094,2.0
508.589,0.000768274,2.0
509.099,0.000768433,2.0
509.619,0.000768399,2.0
510.139,0.000768557,2.0
510.639,0.00076882,2.0
511.139,0.000769038,2.0
511.649,0.000768926,2.0
512.149,0.000769229,2.0
512.659,0.000769225,2.0
513.159,0.000769343,2.0
513.679,0.000769333,2.0
514.169,0.000769205,2.0
514.669,0.00076984,2.0
515.179,0.000769813,2.0
515.689,0.000770061,2.0
516.219,0.000770179,2.0
516.729,0.000769789,2.0
517.219,0.000770051,2.0
517.729,0.000770075,2.0
518.249,0.000770197,2.0
518.758,0.000770264,2.0
519.278,0.000770313,2.0
519.788,0.000770406,2.0
520.278,0.000770766,2.0
520.788,0.000770547,2.0
521.348,0.000770982,2.0
521.848,0.000771098,2.0
522.358,0.000771104,2.0
522.848,0.000771254,2.0
523.358,0.000771383,2.0
523.858,0.000771484,2.0
524.368,0.0007713,2.0
524.878,0.000771439,2.0
525.388,0.000771493,2.0
525.908,0.000771413,2.0
526.418,0.000771488,2.0
526.938,0.000771652,2.0
527.448,0.000771853,2.0
527.968,0.000772094,2.0
528.478,0.000772156,2.0
528.988,0.000771983,2.0
529.488,0.000771967,2.0
530.018,0.000771835,2.0
530.538,0.000771973,2.0
531.048,0.00077243,2.0
531.548,0.000772564,2.0
532.058,0.000772595,2.0
532.558,0.000772791,2.0
533.068,0.000772724,2.0
533.618,0.000772653,2.0
534.138,0.00077299,2.0
534.638,0.000772816,2.0
535.147,0.000772915,2.0
535.657,0.000773011,2.0
536.177,0.000773289,2.0
536.737,0.000773059,2.0
537.207,0.000773208,2.0
537.717,0.000773357,2.0
538.237,0.000773476,2.0
538.717,0.000773467,2.0
539.207,0.000773417,2.0
539.727,0.000773631,2.0
540.217,0.000773741,2.0
540.747,0.000773816,2.0
541.237,0.000773715,2.0
541.727,0.000773691,2.0
542.257,0.000773867,2.0
542.737,0.000773753,2.0
543.227,0.000773957,2.0
543.727,0.000774119,2.0
544.247,0.000774251,2.0
544.777,0.000774239,2.0
545.277,0.000774122,2.0
545.767,0.000774146,2.0
546.277,0.000774206,2.0
546.797,0.000774225,2.0
547.297,0.00077432,2.0
547.797,0.000774559,2.0
548.327,0.000774717,2.0
548.847,0.00077476,2.0
549.337,0.000774509,2.0
549.847,0.000774541,2.0
550.347,0.000774643,2.0
550.847,0.000774811,2.0
551.356,0.000774881,2.0
551.926,0.000775076,2.0
552.446,0.000774949,2.0
552.956,0.000775173,2.0
553.486,0.000775123,2.0
553.986,0.000775136,2.0
554.486,0.000775357,2.0
554.996,0.000775104,2.0
555.516,0.000775465,2.0
556.026,0.000775425,2.0
556.546,0.000775537,2.0
557.066,0.000775613,2.0
557.566,0.000775455,2.0
558.076,0.000775723,2.0
558.586,0.000775812,2.0
559.116,0.000775704,2.0
559.626,0.00077561,2.0
560.136,0.000775504,2.0
560.656,0.00077562,2.0
561.186,0.000775638,2.0
561.696,0.000776278,2.0
562.216,0.000776066,2.0
562.726,0.000775983,2.0
563.226,0.000775981,2.0
563.736,0.000776389,2.0
564.236,0.000776273,2.0
564.766,0.00077646,2.0
565.266,0.000776468,2.0
565.766,0.000776466,2.0
566.296,0.000776502,2.0
566.796,0.000776724,2.0
567.386,0.000776762,2.0
567.875,0.000776916,2.0
568.375,0.000776769,2.0
568.875,0.000776794,2.0
569.395,0.000776814,2.0
569.895,0.000776712,2.0
570.375,0.000776858,2.0
570.875,0.000776778,2.0
571.395,0.000776736,2.0
571.915,0.000776814,2.0
572.425,0.000776905,2.0
572.945,0.00077682,2.0
573.465,0.000776794,2.0
573.985,0.000776896,2.0
574.535,0.000777018,2.0
575.075,0.000777144,2.0
575.635,0.000777,2.0
576.165,0.000777255,2.0
576.695,0.000777333,2.0
577.225,0.000777357,2.0
577.755,0.000777279,2.0
578.305,0.000777371,2.0
578.835,0.000777545,2.0
579.395,0.000777484,2.0
579.925,0.000777334,2.0
580.435,0.000777525,2.0
580.955,0.000777438,2.0
581.505,0.000777777,2.0
582.045,0.000777872,2.0
582.615,0.000778019,2.0
583.155,0.000778235,2.0
583.715,0.000778286,2.0
584.264,0.000777903,2.0
584.774,0.000778061,2.0
585.314,0.000778112,2.0
585.834,0.000778092,2.0
586.344,0.000778254,2.0
586.894,0.000778152,2.0
587.424,0.000778141,2.0
587.934,0.000778385,2.0
588.434,0.00077865,2.0
588.954,0.000778533,2.0
589.464,0.000778605,2.0
590.004,0.000778577,2.0
590.524,0.000778444,2.0
591.054,0.000778757,2.0
591.584,0.00077868,2.0
592.114,0.000778632,2.0
592.654,0.000778517,2.0
593.184,0.00077854,2.0
593.704,0.000778689,2.0
594.234,0.00077866,2.0
594.744,0.000778642,2.0
595.264,0.000778563,2.0
595.794,0.000778811,2.0
596.324,0.000778854,2.0
596.854,0.000778718,2.0
597.404,0.000778881,2.0
597.954,0.000778969,2.0
598.454,0.000779173,2.0
598.984,0.000779164,2.0
599.494,0.000779277,2.0
600.034,0.000778882,2.0
600.564,0.000779126,2.0
601.083,0.00077911,2.0
601.613,0.000779203,2.0
602.163,0.000779325,2.0
602.693,0.00077929,2.0
603.213,0.000779517,2.0
603.763,0.00077955,2.0
604.323,0.000779393,2.0
604.833,0.000779567,2.0
605.373,0.000779467,2.0
605.913,0.000779499,2.0
606.443,0.000779505,2.0
606.963,0.000779359,2.0
607.473,0.000779279,2.0
608.153,0.000779328,2.0
608.673,0.000779381,2.0
609.203,0.000779485,2.0
609.723,0.000779545,2.0
610.233,0.000779717,2.0
610.773,0.000779836,2.0
611.323,0.000779802,2.0
611.823,0.000779788,2.0
612.353,0.000779778,2.0
612.893,0.000779878,2.0
613.463,0.000780069,2.0
613.983,0.000780073,2.0
614.493,0.000780219,2.0
615.023,0.000779983,2.0
615.553,0.00078012,2.0
616.073,0.000779988,2.0
616.583,0.000780177,2.0
617.102,0.000780251,2.0
617.602,0.000780216,2.0
618.122,0.000780528,2.0
618.652,0.000780702,2.0
619.222,0.000780659,2.0
619.732,0.000780519,2.0
620.282,0.000780518,2.0
620.822,0.000780575,2.0
621.362,0.000770533,2.0
621.882,0.000753521,2.0
622.402,0.000742879,2.0
622.942,0.000734376,2.0
623.472,0.000727466,2.0
624.012,0.000721694,2.0
624.522,0.000716779,2.0
625.022,0.000712317,2.0
625.552,0.000708084,2.0
626.092,0.000704305,2.0
626.592,0.000701216,2.0
627.122,0.000698051,2.0
627.662,0.000694878,2.0
628.192,0.000692143,2.0
628.762,0.000689132,2.0
629.272,0.000686835,2.0
629.802,0.000684341,2.0
630.312,0.000682248,2.0
630.842,0.000680227,2.0
631.362,0.000678182,2.0
631.892,0.000676333,2.0
632.412,0.000674436,2.0
632.942,0.00067265,2.0
633.482,0.000671097,2.0
634.011,0.000669384,2.0
634.521,0.000668039,2.0
635.051,0.000666367,2.0
635.581,0.000664879,2.0
636.121,0.000663576,2.0
636.651,0.000662332,2.0
637.191,0.000661002,2.0
637.721,0.000659925,2.0
638.261,0.000658627,2.0
638.791,0.000657287,2.0
639.331,0.000656247,2.0
639.861,0.000655184,2.0
640.411,0.000654222,2.0
640.931,0.000652969,2.0
641.461,0.000652161,2.0
642.021,0.000651004,2.0
642.551,0.000650003,2.0
643.051,0.000649294,2.0
643.571,0.000648406,2.0
644.161,0.000647582,2.0
644.721,0.000646533,2.0
645.251,0.000645722,2.0
645.791,0.000645,2.0
646.341,0.000644225,2.0
646.881,0.000643573,2.0
647.421,0.000642893,2.0
647.941,0.000642137,2.0
648.481,0.000641644,2.0
649.011,0.000640932,2.0
649.551,0.000640429,2.0
650.080,0.000639702,2.0
650.620,0.000639154,2.0
651.110,0.00063861,2.0
651.640,0.000637956,2.0
652.180,0.000637518,2.0
652.720,0.000637053,2.0
653.230,0.000636574,2.0
653.760,0.000635966,2.0
654.280,0.000635575,2.0
654.820,0.000635058,2.0
655.350,0.000634465,2.0
655.870,0.00063409,2.0
656.420,0.000633516,2.0
656.950,0.000633049,2.0
657.490,0.000632679,2.0
658.030,0.000632367,2.0
658.570,0.000631567,2.0
659.100,0.000631602,2.0
659.660,0.00063103,2.0
660.180,0.000630484,2.0
660.700,0.000630274,2.0
661.210,0.00062987,2.0
661.720,0.000629641,2.0
662.280,0.000629371,2.0
662.810,0.000628946,2.0
663.330,0.000628376,2.0
663.900,0.00062845,2.0
664.420,0.000628175,2.0
664.960,0.000627736,2.0
665.480,0.00062736,2.0
666.010,0.000627184,2.0
666.529,0.000626886,2.0
667.069,0.000626481,2.0
667.609,0.000626215,2.0
668.159,0.000625956,2.0
668.719,0.000625739,2.0
669.239,0.000625474,2.0
669.789,0.000625399,2.0
670.329,0.000625138,2.0
670.889,0.000624838,2.0
671.429,0.000624547,2.0
671.999,0.000624323,2.0
672.559,0.000624086,2.0
673.099,0.00062378,2.0
673.639,0.000623487,2.0
674.199,0.000623432,2.0
674.769,0.000623196,2.0
675.309,0.000623163,2.0
675.859,0.000622966,2.0
676.419,0.000622872,2.0
676.959,0.000622476,2.0
677.519,0.000622293,2.0
678.079,0.000622075,2.0
678.629,0.000622041,2.0
679.159,0.000621921,2.0
679.699,0.00062171,2.0
680.239,0.000621527,2.0
680.759,0.000621494,2.0
681.299,0.000621119,2.0
681.869,0.000621043,2.0
682.409,0.000620936,2.0
682.958,0.000620824,2.0
683.518,0.000620564,2.0
684.068,0.00062054,2.0
684.628,0.000620408,2.0
685.168,0.000620524,2.0
685.728,0.000620317,2.0
686.268,0.000620079,2.0
686.788,0.000620074,2.0
687.308,0.000619914,2.0
687.868,0.000619826,2.0
688.428,0.000619878,2.0
688.958,0.00061968,2.0
689.498,0.000619656,2.0
690.068,0.0006196,2.0
690.608,0.000619587,2.0
691.158,0.000619706,2.0
691.698,0.000619525,2.0
692.238,0.000619297,2.0
692.798,0.000619243,2.0
693.348,0.000619228,2.0
693.888,0.000619274,2.0
694.418,0.000619233,2.0
694.998,0.000619164,2.0
695.538,0.000618991,2.0
696.078,0.000618876,2.0
696.628,0.000618767,2.0
697.188,0.000618671,2.0
697.748,0.000618778,2.0
698.288,0.000618647,2.0
698.858,0.000618505,2.0
699.388,0.000618519,2.0
699.947,0.000618454,2.0
700.497,0.000618591,2.0
701.037,0.000618417,2.0
701.617,0.000618355,2.0
702.167,0.00061846,2.0
702.707,0.000618308,2.0
703.267,0.000618275,2.0
703.807,0.000618207,2.0
704.347,0.000618408,2.0
704.867,0.000618278,2.0
705.467,0.000618205,2.0
706.007,0.000618093,2.0
706.557,0.000618188,2.0
707.087,0.00061812,2.0
707.647,0.000617913,2.0
708.207,0.000618063,2.0
708.757,0.000618057,2.0
709.317,0.000617884,2.0
709.857,0.000617824,2.0
710.387,0.000618016,2.0
710.937,0.00061783,2.0
711.507,0.000617715,2.0
712.047,0.000617747,2.0
712.587,0.000617914,2.0
713.117,0.000617846,2.0
713.687,0.000617725,2.0
714.227,0.000617743,2.0
714.767,0.000617692,2.0
715.337,0.000617669,2.0
715.906,0.000617654,2.0
716.426,0.000617503,2.0
716.956,0.000617522,2.0
717.506,0.000617454,2.0
718.046,0.000617357,2.0
718.586,0.000617348,2.0
719.146,0.000617559,2.0
719.716,0.000617424,2.0
720.266,0.000617282,2.0
720.846,0.000617353,2.0
721.396,0.000617371,2.0
721.936,0.00061743,2.0
722.476,0.000617427,2.0
723.026,0.000617442,2.0
723.556,0.000617398,2.0
724.156,0.000617424,2.0
724.716,0.000617262,2.0
725.256,0.000617455,2.0
725.816,0.000617384,2.0
726.356,0.000617601,2.0
727.006,0.000617357,2.0
727.696,0.00061718,2.0
728.196,0.000617088,2.0
728.696,0.000617214,2.0
729.156,0.000617096,2.0
729.636,0.000617336,2.0
730.136,0.000617547,2.0
730.596,0.000617475,2.0
731.066,0.000617458,2.0
731.556,0.000617617,2.0
732.056,0.000617656,2.0
732.545,0.000617422,2.0
733.025,0.000617697,2.0
733.525,0.000617621,2.0
734.035,0.000617498,2.0
734.535,0.000617435,2.0
735.035,0.000617483,2.0
735.535,0.00061757,2.0
736.045,0.000617408,2.0
736.525,0.000617568,2.0
737.045,0.000617652,2.0
737.555,0.000617694,2.0
738.035,0.000617502,2.0
738.525,0.000617682,2.0
739.005,0.000617384,2.0
739.485,0.000617603,2.0
739.955,0.000617416,2.0
740.435,0.000617478,2.0
740.935,0.00061766,2.0
741.425,0.000617546,2.0
741.925,0.000617408,2.0
742.415,0.000617672,2.0
742.905,0.000617706,2.0
743.405,0.000617566,2.0
743.895,0.000617657,2.0
744.375,0.000617619,2.0
744.865,0.000617722,2.0
745.345,0.000617679,2.0
745.835,0.000617591,2.0
746.345,0.00061766,2.0
746.815,0.000617505,2.0
747.305,0.000617331,2.0
747.795,0.000617511,2.0
748.295,0.000617474,2.0
748.775,0.000617508,2.0
749.254,0.000617328,2.0
749.734,0.000617394,2.0
750.244,0.000617472,2.0
750.804,0.000617793,2.0
751.354,0.000617703,2.0
751.834,0.000617714,2.0
752.304,0.000617992,2.0
752.784,0.000617931,2.0
753.284,0.000617862,2.0
753.784,0.000617845,2.0
754.264,0.000617815,2.0
754.754,0.000617784,2.0
755.234,0.000617919,2.0
755.734,0.000618018,2.0
756.214,0.000618147,2.0
756.704,0.000617888,2.0
757.194,0.000617867,2.0
757.694,0.000617924,2.0
758.194,0.000617813,2.0
758.694,0.0006178,2.0
759.194,0.000618007,2.0
759.684,0.000617981,2.0
760.164,0.000618038,2.0
760.654,0.000617956,2.0
761.144,0.000617946,2.0
761.644,0.000617852,2.0
762.114,0.00061806,2.0
762.604,0.000618041,2.0
763.114,0.000617988,2.0
763.644,0.000617994,2.0
764.144,0.000618172,2.0
764.634,0.000617998,2.0
765.144,0.00061806,2.0
765.643,0.000618249,2.0
766.153,0.000618081,2.0
766.703,0.000618091,2.0
767.193,0.000618222,2.0
767.713,0.000618145,2.0
768.223,0.000618054,2.0
768.723,0.000618087,2.0
769.223,0.000618143,2.0
769.733,0.00061816,2.0
770.253,0.00061821,2.0
770.743,0.000618389,2.0
771.263,0.000618352,2.0
771.803,0.000618317,2.0
772.303,0.000618191,2.0
772.803,0.000618585,2.0
773.323,0.000618589,2.0
773.814,0.000618443,2.0
774.313,0.000618504,2.0
774.823,0.000618268,2.0
775.323,0.000618342,2.0
775.833,0.000618428,2.0
776.323,0.000618426,2.0
776.823,0.000618361,2.0
777.323,0.000618449,2.0
777.843,0.000618552,2.0
778.343,0.000618477,2.0
778.853,0.000618521,2.0
779.343,0.00061852,2.0
779.823,0.000618596,2.0
780.313,0.000618381,2.0
780.803,0.000618629,2.0
781.303,0.000618644,2.0
781.852,0.000618625,2.0
782.342,0.000618463,2.0
782.852,0.000618625,2.0
783.362,0.000618601,2.0
783.862,0.000618601,2.0
784.382,0.000618526,2.0
784.882,0.000618652,2.0
785.372,0.000618654,2.0
785.872,0.000618619,2.0
786.382,0.000618712,2.0
786.892,0.00061865,2.0
787.402,0.000618776,2.0
787.902,0.000618784,2.0
788.422,0.000618774,2.0
788.922,0.000618962,2.0
789.422,0.00061875,2.0
789.932,0.000618629,2.0
790.462,0.00061883,2.0
790.962,0.000618489,2.0
791.462,0.000618553,2.0
791.972,0.000618539,2.0
792.482,0.000618666,2.0
792.982,0.000618726,2.0
793.482,0.000618699,2.0
793.972,0.000618741,2.0
794.462,0.000618879,2.0
794.952,0.000618945,2.0
795.452,0.000618947,2.0
795.942,0.000618769,2.0
796.442,0.000618995,2.0
796.982,0.000618911,2.0
797.482,0.000618929,2.0
797.982,0.000618945,2.0
798.491,0.000618795,2.0
798.971,0.000618905,2.0
799.451,0.000618718,2.0
799.941,0.000618749,2.0
800.461,0.000618818,2.0
800.971,0.000618867,2.0
801.471,0.000618992,2.0
801.981,0.000619132,2.0
802.471,0.000618943,2.0
802.981,0.000619078,2.0
803.481,0.000619111,2.0
803.991,0.000618964,2.0
804.481,0.000618983,2.0
804.981,0.000618867,2.0
805.491,0.000618905,2.0
806.001,0.000618993,2.0
806.511,0.000619222,2.0
807.021,0.000619013,2.0
807.521,0.000619129,2.0
808.011,0.000619111,2.0
808.501,0.000618998,2.0
809.011,0.000618966,2.0
809.531,0.000619022,2.0
810.021,0.000619006,2.0
810.491,0.000618964,2.0
811.001,0.000618958,2.0
811.511,0.000619031,2.0
812.021,0.000619189,2.0
812.511,0.000619115,2.0
813.031,0.000618927,2.0
813.551,0.000619115,2.0
814.031,0.000619152,2.0
814.521,0.000619078,2.0
815.030,0.000619216,2.0
815.550,0.000619085,2.0
816.030,0.000619156,2.0
816.520,0.000619247,2.0
817.060,0.000619265,2.0
817.540,0.000619436,2.0
818.010,0.000619435,2.0
818.510,0.000619426,2.0
819.020,0.000619478,2.0
819.530,0.000619546,2.0
820.030,0.000619556,2.0
820.530,0.000619464,2.0
821.030,0.000619538,2.0
821.550,0.000619439,2.0
822.050,0.000619386,2.0
822.540,0.000619549,2.0
823.050,0.000619502,2.0
823.570,0.000619644,2.0
824.070,0.000619425,2.0
824.600,0.000619441,2.0
825.090,0.000619643,2.0
825.600,0.00061949,2.0
826.090,0.000619576,2.0
826.610,0.000619615,2.0
827.120,0.00061963,2.0
827.600,0.00061975,2.0
828.120,0.000619773,2.0
828.610,0.000619715,2.0
829.110,0.00061975,2.0
829.610,0.000619584,2.0
830.110,0.000619667,2.0
830.610,0.000619811,2.0
831.099,0.000619934,2.0
831.619,0.000619729,2.0
832.119,0.000619782,2.0
832.629,0.000619855,2.0
833.109,0.000619899,2.0
833.609,0.000619987,2.0
834.099,0.000619969,2.0
834.619,0.000620071,2.0
835.129,0.000620109,2.0
835.629,0.000620061,2.0
836.139,0.000620289,2.0
836.659,0.000620041,2.0
837.199,0.000620111,2.0
837.699,0.000620098,2.0
838.189,0.000620016,2.0
838.679,0.00062004,2.0
839.169,0.000620261,2.0
839.669,0.000620166,2.0
840.159,0.000620153,2.0
840.659,0.000620054,2.0
841.179,0.000620044,2.0
841.709,0.00062012,2.0
842.249,0.000620019,2.0
842.729,0.000620062,2.0
843.219,0.000620232,2.0
843.739,0.000620347,2.0
844.229,0.000620426,2.0
844.719,0.000620489,2.0
845.189,0.000620503,2.0
845.679,0.000620648,2.0
846.179,0.000620502,2.0
846.689,0.000620625,2.0
847.189,0.000620424,2.0
847.698,0.000620409,2.0
848.198,0.000620407,2.0
848.688,0.00062036,2.0
849.158,0.000620478,2.0
849.668,0.000620486,2.0
850.178,0.000620577,2.0
850.698,0.00062059,2.0
851.198,0.000620548,2.0
851.688,0.000620587,2.0
852.198,0.000620466,2.0
852.698,0.000620772,2.0
853.168,0.00062083,2.0
853.678,0.000620921,2.0
854.168,0.000620965,2.0
854.658,0.000620984,2.0
855.178,0.00062084,2.0
855.688,0.000620943,2.0
856.178,0.000620892,2.0
856.698,0.000620856,2.0
857.208,0.000620881,2.0
857.738,0.000620831,2.0
858.238,0.000620927,2.0
858.738,0.000620928,2.0
859.248,0.000620763,2.0
859.748,0.000620695,2.0
860.258,0.000620981,2.0
860.768,0.000621002,2.0
861.288,0.000621066,2.0
861.798,0.000621097,2.0
862.308,0.000620993,2.0
862.838,0.000621036,2.0
863.348,0.000620946,2.0
863.858,0.000621214,2.0
864.367,0.000621097,2.0
864.897,0.000621122,2.0
865.407,0.000621222,2.0
865.907,0.000621046,2.0
866.437,0.000621418,2.0
866.937,0.000621207,2.0
867.437,0.000621454,2.0
867.937,0.000621386,2.0
868.427,0.000621401,2.0
868.957,0.000621347,2.0
869.457,0.000621166,2.0
869.957,0.000621337,2.0
870.457,0.00062134,2.0
870.947,0.000621266,2.0
871.447,0.000621558,2.0
871.957,0.000621501,2.0
872.457,0.000621471,2.0
873.007,0.000621475,2.0
873.507,0.000621642,2.0
874.007,0.000621563,2.0
874.527,0.000621597,2.0
875.057,0.000621614,2.0
875.637,0.000621665,2.0
876.157,0.00062165,2.0
876.637,0.000621822,2.0
877.137,0.00062175,2.0
877.637,0.000621915,2.0
878.147,0.000621941,2.0
878.657,0.000621682,2.0
879.147,0.000621778,2.0
879.657,0.000621773,2.0
880.167,0.000621604,2.0
880.666,0.000621636,2.0
881.156,0.000621868,2.0
881.666,0.00062174,2.0
882.196,0.000621684,2.0
882.706,0.000621825,2.0
883.176,0.000621814,2.0
883.676,0.000621926,2.0
884.186,0.000621787,2.0
884.696,0.000621817,2.0
885.196,0.000621923,2.0
885.696,0.000621769,2.0
886.186,0.000621884,2.0
886.706,0.000621899,2.0
887.206,0.000621865,2.0
887.686,0.000621881,2.0
888.236,0.000621861,2.0
888.736,0.000621947,2.0
889.236,0.000621961,2.0
889.726,0.000622008,2.0
890.236,0.000622017,2.0
890.746,0.000621897,2.0
891.246,0.000621952,2.0
891.756,0.000621928,2.0
892.266,0.000621909,2.0
892.776,0.000622025,2.0
893.306,0.000621997,2.0
893.816,0.000621986,2.0
894.326,0.000622094,2.0
894.846,0.000621895,2.0
895.346,0.000622135,2.0
895.846,0.000622141,2.0
896.356,0.000622237,2.0
896.866,0.000622041,2.0
897.365,0.000622164,2.0
897.855,0.000622364,2.0
898.395,0.000622474,2.0
898.915,0.000622321,2.0
899.415,0.000622162,2.0
899.905,0.000622491,2.0
900.415,0.000622441,2.0
900.925,0.000622382,2.0
901.425,0.000622312,2.0
901.945,0.000622276,2.0
902.425,0.00062225,2.0
902.955,0.000622524,2.0
903.505,0.000622473,2.0
904.005,0.000622348,2.0
904.515,0.000622361,2.0
905.025,0.000622405,2.0
905.535,0.00062233,2.0
906.035,0.000622495,2.0
906.575,0.000622302,2.0
907.085,0.000622327,2.0
907.585,0.000622157,2.0
908.095,0.000622288,2.0
908.605,0.000622364,2.0
909.135,0.000622224,2.0
909.655,0.000622324,2.0
910.165,0.000622296,2.0
910.675,0.000622042,2.0
911.185,0.000622145,2.0
911.685,0.000622349,2.0
912.235,0.000622293,2.0
912.745,0.000622585,2.0
913.265,0.000622334,2.0
913.774,0.000622256,2.0
914.294,0.000622388,2.0
914.774,0.000622287,2.0
915.244,0.000622363,2.0
915.734,0.000622425,2.0
916.234,0.000622475,2.0
916.734,0.000622419,2.0
917.244,0.00062234,2.0
917.774,0.000622511,2.0
918.274,0.000622514,2.0
918.814,0.000622388,2.0
919.304,0.000622596,2.0
919.824,0.000622538,2.0
920.324,0.000622672,2.0
920.844,0.00062276,2.0
921.364,0.000622644,2.0
921.854,0.000622526,2.0
922.344,0.000622464,2.0
922.854,0.000622699,2.0
923.384,0.000622549,2.0
923.884,0.000622445,2.0
924.384,0.000622455,2.0
924.904,0.000622511,2.0
925.414,0.000622659,2.0
925.904,0.000622724,2.0
926.404,0.000622648,2.0
926.904,0.000622586,2.0
927.414,0.000622631,2.0
927.974,0.000622786,2.0
928.494,0.000622619,2.0
928.994,0.000622743,2.0
929.494,0.000622728,2.0
930.023,0.000622514,2.0
930.533,0.00062258,2.0
931.043,0.0006224,2.0
931.553,0.000622548,2.0
932.063,0.000622821,2.0
932.573,0.000622529,2.0
933.073,0.00062241,2.0
933.583,0.000622559,2.0
934.143,0.000622668,2.0
934.663,0.000622665,2.0
935.163,0.000622643,2.0
935.663,0.000622771,2.0
936.163,0.000622773,2.0
936.693,0.000622612,2.0
937.213,0.000622678,2.0
937.713,0.000622816,2.0
938.223,0.000622691,2.0
938.733,0.000622814,2.0
939.233,0.000622857,2.0
939.723,0.000622678,2.0
940.223,0.000622741,2.0
940.733,0.000622987,2.0
941.253,0.000623028,2.0
941.753,0.000622951,2.0
942.273,0.000623076,2.0
942.793,0.000623049,2.0
943.293,0.000623125,2.0
943.813,0.000623097,2.0
944.323,0.000623157,2.0
944.843,0.000623108,2.0
945.343,0.000623078,2.0
945.853,0.000623143,2.0
946.362,0.000623,2.0
946.862,0.000623163,2.0
947.352,0.000623149,2.0
947.872,0.000623099,2.0
948.362,0.000623195,2.0
948.862,0.000623064,2.0
949.442,0.000623009,2.0
949.952,0.000623196,2.0
950.452,0.000623101,2.0
950.962,0.000623209,2.0
951.472,0.000623213,2.0
951.952,0.000623477,2.0
952.492,0.000623482,2.0
953.012,0.000623411,2.0
953.532,0.000623457,2.0
954.062,0.000623688,2.0
954.582,0.000623498,2.0
955.102,0.000623636,2.0
955.652,0.000623477,2.0
956.192,0.000623379,2.0
956.722,0.000623404,2.0
957.242,0.000623416,2.0
957.812,0.000623231,2.0
958.332,0.000623496,2.0
958.862,0.000623337,2.0
959.392,0.000623493,2.0
959.912,0.000623415,2.0
960.432,0.000623629,2.0
960.942,0.000623549,2.0
961.492,0.000623434,2.0
962.012,0.000623431,2.0
962.522,0.000623496,2.0
963.031,0.000623479,2.0
963.561,0.000623511,2.0
964.091,0.000623647,2.0
964.651,0.000623541,2.0
965.181,0.000623453,2.0
965.701,0.000623839,2.0
966.221,0.000623637,2.0
966.741,0.000623637,2.0
967.271,0.000623561,2.0
967.791,0.000623667,2.0
968.291,0.000623734,2.0
968.841,0.000623842,2.0
969.341,0.000623817,2.0
969.871,0.00062376,2.0
970.411,0.000623695,2.0
970.921,0.000623723,2.0
971.451,0.000623747,2.0
971.951,0.000623697,2.0
972.451,0.000623974,2.0
972.991,0.000623996,2.0
973.491,0.000623863,2.0
973.991,0.000623893,2.0
974.511,0.000623854,2.0
975.021,0.00062364,2.0
975.531,0.000623627,2.0
976.061,0.000623656,2.0
976.591,0.000623689,2.0
977.141,0.000623603,2.0
977.671,0.000623665,2.0
978.201,0.000623666,2.0
978.721,0.000623851,2.0
979.230,0.000623953,2.0
979.880,0.000623908,2.0
980.400,0.00062371,2.0
980.920,0.000623639,2.0
981.450,0.000623705,2.0
982.000,0.000623708,2.0
982.530,0.000623783,2.0
983.050,0.000623863,2.0
983.630,0.000623994,2.0
984.240,0.000624011,2.0
984.830,0.000623817,2.0
985.410,0.000623742,2.0
985.950,0.000623767,2.0
986.460,0.000623673,2.0
987.020,0.000623795,2.0
987.540,0.000623785,2.0
988.060,0.000623695,2.0
988.570,0.000623405,2.0
989.090,0.00062371,2.0
989.650,0.00062359,2.0
990.160,0.000623776,2.0
990.670,0.000623891,2.0
991.210,0.000623752,2.0
991.730,0.000623539,2.0
992.280,0.00062364,2.0
992.810,0.000623702,2.0
993.340,0.000623692,2.0
993.870,0.00062378,2.0
994.400,0.000623511,2.0
994.960,0.000623634,2.0
995.510,0.000623656,2.0
996.049,0.000623803,2.0
996.579,0.000623735,2.0
997.069,0.000623674,2.0
997.579,0.00062372,2.0
998.109,0.000623782,2.0
998.609,0.000623796,2.0
999.099,0.000623713,2.0
999.639,0.000623714,2.0
1000.149,0.000623722,2.0
1000.669,0.000623795,2.0
1001.199,0.000623809,2.0
1001.729,0.000623628,2.0
1002.249,0.000623777,2.0
1002.769,0.00062373,2.0
1003.309,0.000623753,2.0
1003.849,0.000623639,2.0
1004.379,0.000623564,2.0
1004.949,0.000623537,2.0
1005.469,0.000623537,2.0
1005.979,0.000623664,2.0
1006.489,0.000623585,2.0
1007.029,0.000623711,2.0
1007.539,0.000623584,2.0
1008.069,0.000623626,2.0
1008.599,0.000623648,2.0
1009.119,0.00062363,2.0
1009.639,0.000623784,2.0
1010.189,0.000623788,2.0
1010.699,0.000623838,2.0
1011.229,0.000623655,2.0
1011.759,0.000623945,2.0
1012.288,0.000623748,2.0
1012.808,0.000623724,2.0
1013.358,0.000623772,2.0
1013.878,0.000623611,2.0
1014.398,0.000623683,2.0
1014.938,0.000623889,2.0
1015.478,0.000623995,2.0
1016.008,0.000623744,2.0
1016.518,0.000623785,2.0
1017.028,0.000623941,2.0
1017.538,0.000623893,2.0
1018.048,0.000623652,2.0
1018.568,0.000623775,2.0
1019.118,0.000623829,2.0
1019.668,0.000623902,2.0
1020.198,0.000623851,2.0
1020.698,0.000623701,2.0
1021.258,0.000623738,2.0
1021.788,0.000623656,2.0
1022.368,0.000623785,2.0
1022.898,0.000623783,2.0
1023.428,0.000623803,2.0
1023.958,0.000623867,2.0
1024.488,0.000623626,2.0
1024.998,0.000623695,2.0
1025.548,0.00062345,2.0
1026.088,0.0006235,2.0
1026.618,0.000623205,2.0
1027.168,0.000623107,2.0
1027.688,0.000622925,2.0
1028.208,0.000622679,2.0
1028.717,0.000622356,2.0
1029.257,0.000622179,2.0
1029.797,0.000621868,2.0
1030.307,0.000621444,2.0
1030.837,0.000621326,2.0
1031.367,0.000621092,2.0
1031.877,0.000620825,2.0
1032.397,0.000620536,2.0
1032.947,0.00061992,2.0
1033.507,0.00061983,2.0
1034.027,0.00061939,2.0
1034.587,0.000618918,2.0
1035.117,0.000618943,2.0
1035.637,0.000618511,2.0
1036.167,0.000618455,2.0
1036.707,0.000618033,2.0
1037.197,0.000617884,2.0
1037.697,0.000617656,2.0
1038.207,0.000617322,2.0
1038.707,0.000616995,2.0
1039.237,0.000616635,2.0
1039.787,0.000616374,2.0
1040.327,0.000616295,2.0
1040.887,0.000616069,2.0
1041.407,0.000615908,2.0
1041.937,0.0006159,2.0
1042.457,0.00061574,2.0
1042.987,0.000615402,2.0
1043.507,0.000615217,2.0
1044.047,0.000615016,2.0
1044.577,0.000614848,2.0
1045.106,0.00061468,2.0
1045.646,0.000614349,2.0
1046.166,0.000614159,2.0
1046.686,0.000614002,2.0
1047.216,0.000613819,2.0
1047.726,0.0006134,2.0
1048.236,0.000613217,2.0
1048.766,0.000612923,2.0
1049.306,0.000612934,2.0
1049.836,0.000612545,2.0
1050.336,0.000612193,2.0
1050.876,0.000612143,2.0
1051.426,0.000612066,2.0
1051.966,0.000611782,2.0
1052.486,0.000611503,2.0
1052.996,0.00061179,2.0
1053.526,0.000611682,2.0
1054.056,0.000611514,2.0
1054.586,0.000611216,2.0
1055.116,0.000610943,2.0
1055.646,0.00061083,2.0
1056.216,0.000610548,2.0
1056.746,0.000610521,2.0
1057.276,0.000610201,2.0
1057.796,0.000609926,2.0
1058.306,0.000609883,2.0
1058.816,0.000609814,2.0
1059.386,0.000609422,2.0
1059.916,0.000609225,2.0
1060.456,0.000609053,2.0
1061.006,0.000608634,2.0
1061.545,0.000608584,2.0
1062.075,0.000608466,2.0
1062.605,0.000608174,2.0
1063.155,0.000608067,2.0
1063.665,0.000607911,2.0
1064.205,0.000607725,2.0
1064.735,0.000607473,2.0
1065.295,0.00060717,2.0
1065.815,0.00060707,2.0
1066.355,0.000606753,2.0
1066.865,0.000606507,2.0
1067.405,0.000606459,2.0
1067.955,0.00060622,2.0
1068.475,0.000606213,2.0
1068.995,0.000605891,2.0
1069.535,0.000605793,2.0
1070.055,0.000605669,2.0
1070.585,0.000605421,2.0
1071.095,0.000605248,2.0
1071.665,0.000605178,2.0
1072.185,0.000604954,2.0
1072.705,0.000604743,2.0
1073.245,0.000604718,2.0
1073.775,0.000604591,2.0
1074.285,0.000604428,2.0
1074.785,0.000604322,2.0
1075.315,0.000604187,2.0
1075.855,0.000604027,2.0
1076.375,0.000603998,2.0
1076.915,0.000603775,2.0
1077.435,0.000603628,2.0
1077.984,0.000603337,2.0
1078.514,0.000603064,2.0
1079.034,0.000602897,2.0
1079.554,0.000602896,2.0
1080.084,0.00060282,2.0
1080.644,0.000602672,2.0
1081.174,0.00060271,2.0
1081.694,0.00060245,2.0
1082.204,0.000602343,2.0
1082.734,0.000602268,2.0
1083.264,0.000602236,2.0
1083.794,0.000601796,2.0
1084.344,0.000601573,2.0
1084.844,0.000601935,2.0
1085.354,0.000601702,2.0
1085.894,0.000601613,2.0
1086.394,0.000601432,2.0
1086.964,0.000601373,2.0
1087.484,0.000601193,2.0
1088.084,0.000600979,2.0
1088.634,0.000601062,2.0
1089.144,0.00060101,2.0
1089.664,0.000601039,2.0
1090.204,0.000600866,2.0
1090.744,0.000600841,2.0
1091.284,0.00060075,2.0
1091.814,0.0006004,2.0
1092.344,0.00060028,2.0
1092.864,0.000600094,2.0
1093.374,0.0005998,2.0
1093.914,0.000599579,2.0
1094.413,0.000599638,2.0
1094.953,0.000599412,2.0
1095.483,0.000599145,2.0
1096.033,0.000599205,2.0
1096.573,0.000599303,2.0
1097.083,0.00059911,2.0
1097.613,0.00059862,2.0
1098.143,0.000598512,2.0
1098.673,0.000598631,2.0
1099.213,0.000598546,2.0
1099.743,0.000598427,2.0
1100.263,0.000598267,2.0
1100.793,0.000598079,2.0
1101.313,0.000597962,2.0
1101.833,0.000597738,2.0
1102.373,0.000597948,2.0
1102.913,0.000597746,2.0
1103.463,0.00059739,2.0
1103.983,0.000597351,2.0
1104.503,0.000597346,2.0
1105.033,0.000597243,2.0
1105.573,0.000597068,2.0
1106.083,0.000596958,2.0
1106.643,0.000596914,2.0
1107.163,0.000596688,2.0
1107.683,0.000596575,2.0
1108.223,0.000596303,2.0
1108.773,0.00059626,2.0
1109.293,0.000595994,2.0
1109.833,0.00059612,2.0
1110.353,0.000595988,2.0
1110.872,0.000595927,2.0
1111.372,0.000595841,2.0
1111.882,0.00059574,2.0
1112.412,0.000595559,2.0
1112.992,0.000595378,2.0
1113.532,0.000595517,2.0
1114.062,0.000595517,2.0
1114.612,0.000595425,2.0
1115.132,0.000595331,2.0
1115.652,0.00059512,2.0
1116.172,0.000595059,2.0
1116.702,0.000595002,2.0
1117.242,0.00059481,2.0
1117.802,0.000594708,2.0
1118.332,0.000594834,2.0
1118.892,0.000594841,2.0
1119.382,0.000594467,2.0
1119.882,0.000594314,2.0
1120.402,0.000594296,2.0
1120.932,0.00059431,2.0
1121.452,0.000594165,2.0
1122.012,0.000594159,2.0
1122.522,0.000593951,2.0
1123.052,0.000594109,2.0
1123.562,0.000594157,2.0
1124.112,0.000593989,2.0
1124.642,0.00059381,2.0
1125.162,0.000593617,2.0
1125.712,0.000593706,2.0
1126.242,0.000593542,2.0
1126.782,0.000593497,2.0
1127.321,0.000593476,2.0
1127.851,0.000593395,2.0
1128.371,0.000593379,2.0
1128.891,0.000593045,2.0
1129.421,0.00059311,2.0
1129.941,0.000592829,2.0
1130.451,0.000592961,2.0
1131.001,0.000592746,2.0
1131.531,0.000592698,2.0
1132.081,0.000592523,2.0
1132.611,0.000592562,2.0
1133.181,0.000592325,2.0
1133.721,0.000592362,2.0
1134.261,0.000592246,2.0
1134.791,0.000592147,2.0
1135.321,0.000592281,2.0
1135.861,0.000591962,2.0
1136.391,0.000591954,2.0
1136.921,0.000591688,2.0
1137.451,0.000591755,2.0
1137.961,0.000591786,2.0
1138.461,0.000591577,2.0
1139.001,0.000591524,2.0
1139.521,0.000591365,2.0
1140.041,0.000591375,2.0
1140.551,0.000591526,2.0
1141.091,0.000591321,2.0
1141.611,0.000591245,2.0
1142.151,0.000591283,2.0
1142.681,0.000591161,2.0
1143.221,0.000590883,2.0
1143.770,0.000590937,2.0
1144.310,0.000591062,2.0
1144.870,0.000590816,2.0
1145.410,0.000590909,2.0
1145.950,0.000590763,2.0
1146.530,0.000590514,2.0
1147.080,0.000590544,2.0
1147.640,0.000590407,2.0
1148.170,0.000590126,2.0
1148.770,0.000590249,2.0
1149.320,0.000590131,2.0
1149.870,0.000590235,2.0
1150.420,0.000589906,2.0
1150.990,0.000590059,2.0
1151.540,0.000589864,2.0
1152.050,0.000589734,2.0
1152.590,0.000589755,2.0
1153.150,0.000589517,2.0
1153.690,0.000589526,2.0
1154.230,0.000589588,2.0
1154.780,0.000589571,2.0
1155.320,0.000589639,2.0
1155.870,0.000589675,2.0
1156.400,0.000589372,2.0
1156.960,0.000589448,2.0
1157.510,0.000589318,2.0
1158.060,0.000589169,2.0
1158.590,0.000589381,2.0
1159.140,0.000589111,2.0
1159.680,0.000589143,2.0
1160.239,0.000589275,2.0
1160.779,0.000588981,2.0
1161.329,0.000589103,2.0
1161.859,0.000589138,2.0
1162.399,0.000589048,2.0
1162.949,0.000588739,2.0
1163.519,0.000588812,2.0
1164.099,0.000588684,2.0
1164.629,0.000588555,2.0
1165.169,0.000588741,2.0
1165.719,0.00058843,2.0
1166.259,0.000588481,2.0
1166.829,0.000588189,2.0
1167.379,0.000588121,2.0
1167.939,0.000587955,2.0
1168.479,0.000587996,2.0
1169.019,0.000587876,2.0
1169.559,0.000587783,2.0
1170.129,0.000587872,2.0
1170.659,0.000587525,2.0
1171.179,0.000587629,2.0
1171.709,0.000587757,2.0
1172.259,0.000587416,2.0
1172.809,0.000587547,2.0
1173.469,0.000587524,2.0
1174.059,0.000587316,2.0
1174.609,0.000587215,2.0
1175.159,0.000587202,2.0
1175.689,0.000587177,2.0
1176.229,0.00058701,2.0
1176.788,0.000586994,2.0
1177.338,0.000586871,2.0
1177.898,0.000586891,2.0
1178.428,0.000586813,2.0
1178.968,0.000586659,2.0
1179.538,0.000586644,2.0
1180.098,0.000586487,2.0
1180.638,0.000586623,2.0
1181.178,0.000586671,2.0
1181.698,0.00058638,2.0
1182.218,0.000586487,2.0
1182.798,0.000586294,2.0
1183.338,0.000586519,2.0
1183.898,0.000586446,2.0
1184.428,0.000586296,2.0
1184.998,0.000586463,2.0
1185.518,0.00058645,2.0
1186.068,0.000586162,2.0
1186.608,0.000586128,2.0
1187.158,0.000585916,2.0
1187.718,0.000586172,2.0
1188.248,0.000586036,2.0
1188.768,0.000585946,2.0
1189.328,0.00058593,2.0
1189.868,0.000586053,2.0
1190.408,0.000585978,2.0
1190.958,0.000585775,2.0
1191.508,0.000586094,2.0
1192.058,0.000585875,2.0
1192.598,0.000585769,2.0
1193.127,0.000585659,2.0
1193.657,0.000585667,2.0
1194.257,0.000585865,2.0
1194.827,0.000585994,2.0
1195.357,0.00058602,2.0
1195.897,0.000585723,2.0
1196.437,0.000585489,2.0
1196.967,0.000585483,2.0
1197.517,0.000585679,2.0
1198.057,0.000585458,2.0
1198.607,0.000585452,2.0
1199.167,0.000585259,2.0
1199.727,0.000585401,2.0
1200.257,0.000585362,2.0
1200.807,0.000585144,2.0
1201.337,0.000584978,2.0
1201.847,0.00058502,2.0
1202.387,0.000584804,2.0
1202.917,0.000584701,2.0
1203.457,0.000584747,2.0
1204.007,0.000584711,2.0
1204.547,0.000584552,2.0
1205.087,0.000584493,2.0
1205.617,0.000584459,2.0
1206.177,0.000584339,2.0
1206.727,0.00058435,2.0
1207.267,0.000584489,2.0
1207.827,0.0005844,2.0
1208.367,0.000584333,2.0
1208.887,0.000584164,2.0
1209.437,0.000584167,2.0
1210.016,0.000584252,2.0
1210.576,0.00058403,2.0
1211.146,0.000583943,2.0
1211.696,0.000583854,2.0
1212.226,0.000583835,2.0
1212.776,0.00058387,2.0
1213.296,0.000583757,2.0
1213.826,0.00058352,2.0
1214.356,0.000583565,2.0
1214.876,0.000583578,2.0
1215.396,0.000583707,2.0
1215.986,0.000583538,2.0
1216.536,0.000583831,2.0
1217.086,0.000583687,2.0
1217.626,0.000583496,2.0
1218.176,0.000583596,2.0
1218.726,0.000583495,2.0
1219.266,0.000583547,2.0
1219.836,0.000583334,2.0
1220.376,0.00058328,2.0
1220.906,0.000583206,2.0
1221.446,0.000582954,2.0
1221.986,0.000583007,2.0
1222.526,0.000582902,2.0
1223.056,0.000582918,2.0
1223.616,0.000582829,2.0
1224.156,0.000582901,2.0
1224.686,0.000582911,2.0
1225.266,0.0005826,2.0
1225.786,0.000582675,2.0
1226.335,0.00058277,2.0
1226.875,0.000582871,2.0
1227.395,0.000582752,2.0
1227.935,0.000582589,2.0
1228.485,0.000582744,2.0
1229.045,0.000582695,2.0
1229.595,0.000582845,2.0
1230.135,0.000582733,2.0
1230.675,0.000582685,2.0
1231.215,0.0005826,2.0
1231.755,0.000582657,2.0
1232.315,0.000582732,2.0
1232.845,0.000582901,2.0
1233.385,0.000582833,2.0
1233.905,0.000582995,2.0
1234.425,0.00058314,2.0
1234.975,0.000583007,2.0
1235.525,0.000583136,2.0
1236.055,0.000583127,2.0
1236.605,0.000583347,2.0
1237.175,0.000583522,2.0
1237.735,0.000583591,2.0
1238.285,0.000583734,2.0
1238.835,0.000583895,2.0
1239.385,0.000583791,2.0
1239.925,0.000583773,2.0
1240.525,0.000584162,2.0
1241.045,0.00058426,2.0
1241.585,0.000584335,2.0
1242.135,0.000584334,2.0
1242.674,0.000584345,2.0
1243.214,0.00058452,2.0
1243.754,0.000584524,2.0
1244.304,0.000584702,2.0
1244.844,0.000584853,2.0
1245.394,0.00058501,2.0
1245.944,0.000585062,2.0
1246.504,0.0005854,2.0
1247.034,0.000585227,2.0
1247.564,0.000585297,2.0
1248.124,0.000585409,2.0
1248.684,0.000585815,2.0
1249.224,0.000585759,2.0
1249.774,0.000586121,2.0
1250.314,0.000586264,2.0
1250.834,0.000586442,2.0
1251.384,0.000586637,2.0
1251.954,0.00058669,2.0
1252.514,0.000587021,2.0
1253.064,0.000587268,2.0
1253.614,0.000587713,2.0
1254.164,0.000588161,2.0
1254.714,0.000588346,2.0
1255.264,0.000588773,2.0
1255.854,0.000588899,2.0
1256.404,0.000589318,2.0
1256.984,0.000589668,2.0
1257.534,0.000589809,2.0
1258.064,0.000590173,2.0
1258.604,0.000590546,2.0
1259.153,0.000590669,2.0
1259.703,0.000590931,2.0
1260.263,0.000591115,2.0
1260.793,0.000591254,2.0
1261.333,0.000591742,2.0
1261.873,0.000591875,2.0
1262.413,0.000592183,2.0
1262.983,0.000592546,2.0
1263.523,0.000592693,2.0
1264.083,0.000592912,2.0
1264.603,0.000593035,2.0
1265.133,0.000593356,2.0
1265.673,0.000593767,2.0
1266.223,0.000593892,2.0
1266.793,0.000594132,2.0
1267.353,0.000594559,2.0
1267.893,0.000594735,2.0
1268.453,0.000595057,2.0
1269.003,0.000595158,2.0
1269.563,0.000595506,2.0
1270.123,0.000595916,2.0
1270.643,0.000596144,2.0
1271.213,0.000596313,2.0
1271.783,0.000596567,2.0
1272.313,0.000596784,2.0
1272.863,0.000596926,2.0
1273.393,0.000597168,2.0
1273.933,0.000597262,2.0
1274.503,0.000597521,2.0
1275.063,0.000597843,2.0
1275.602,0.000597981,2.0
1276.142,0.000598267,2.0
1276.662,0.00059831,2.0
1277.182,0.000598593,2.0
1277.752,0.000598822,2.0
1278.322,0.000598956,2.0
1278.862,0.000599445,2.0
1279.412,0.000599524,2.0
1279.952,0.000599732,2.0
1280.472,0.000599664,2.0
1281.002,0.000599761,2.0
1281.542,0.000600072,2.0
1282.092,0.000600675,2.0
1282.662,0.00060063,2.0
1283.192,0.000600879,2.0
1283.712,0.000600902,2.0
1284.262,0.000601054,2.0
1284.822,0.000601182,2.0
1285.382,0.000601373,2.0
1285.952,0.000601553,2.0
1286.542,0.000601735,2.0
1287.122,0.000601993,2.0
1287.692,0.000602125,2.0
1288.242,0.000602096,2.0
1288.772,0.000602281,2.0
1289.312,0.000602577,2.0
1289.882,0.000602638,2.0
1290.442,0.000602878,2.0
1291.002,0.000603014,2.0
1291.572,0.000603027,2.0
1292.111,0.000603309,2.0
1292.641,0.000603338,2.0
1293.201,0.000603427,2.0
1293.731,0.000603627,2.0
1294.311,0.000603777,2.0
1294.851,0.000603914,2.0
1295.391,0.00060416,2.0
1295.951,0.000604243,2.0
1296.491,0.000604304,2.0
1297.031,0.000604553,2.0
1297.591,0.000604944,2.0
1298.161,0.000605079,2.0
1298.711,0.000605117,2.0
1299.261,0.000605176,2.0
1299.821,0.000605377,2.0
1300.361,0.000605286,2.0
1300.901,0.000605478,2.0
1301.461,0.000605582,2.0
1302.071,0.000605737,2.0
1302.611,0.000605953,2.0
1303.151,0.000605937,2.0
1303.701,0.000606064,2.0
1304.231,0.000606111,2.0
1304.761,0.000606349,2.0
1305.311,0.000606436,2.0
1305.861,0.000606322,2.0
1306.411,0.000606446,2.0
1306.951,0.000606723,2.0
1307.501,0.000607014,2.0
1308.061,0.000606843,2.0
1308.600,0.000606979,2.0
1309.160,0.000606843,2.0
1309.710,0.000607203,2.0
1310.260,0.000607344,2.0
1310.840,0.000607374,2.0
1311.370,0.000607386,2.0
1311.920,0.000607705,2.0
1312.480,0.000607755,2.0
1313.020,0.000607879,2.0
1313.580,0.00060786,2.0
1314.140,0.000608087,2.0
1314.710,0.000608081,2.0
1315.260,0.000608172,2.0
1315.820,0.000608194,2.0
1316.340,0.000608387,2.0
1316.860,0.000608422,2.0
1317.450,0.000608376,2.0
1317.980,0.000608478,2.0
1318.540,0.000608685,2.0
1319.080,0.000608724,2.0
1319.640,0.000608714,2.0
1320.190,0.000608749,2.0
1320.760,0.000609057,2.0
1321.310,0.000608938,2.0
1321.870,0.000609025,2.0
1322.400,0.000608999,2.0
1322.950,0.000608741,2.0
1323.500,0.00060904,2.0
1324.060,0.000609268,2.0
1324.609,0.000609095,2.0
1325.159,0.000609175,2.0
1325.709,0.000609508,2.0
1326.259,0.000609535,2.0
1326.819,0.000609503,2.0
1327.359,0.00060946,2.0
1327.909,0.000609607,2.0
1328.439,0.000609664,2.0
1328.979,0.000609741,2.0
1329.509,0.000609763,2.0
1330.059,0.000609779,2.0
1330.629,0.000609785,2.0
1331.189,0.000610113,2.0
1331.739,0.000610149,2.0
1332.299,0.000610001,2.0
1332.899,0.000610248,2.0
1333.469,0.000610362,2.0
1333.999,0.000610377,2.0
1334.559,0.000610155,2.0
1335.129,0.000610108,2.0
1335.699,0.000610034,2.0
1336.259,0.000610322,2.0
1336.809,0.000610522,2.0
1337.379,0.000610372,2.0
1337.969,0.000610573,2.0
1338.519,0.00061064,2.0
1339.079,0.000610535,2.0
1339.639,0.000610633,2.0
1340.209,0.000610784,2.0
1340.779,0.000610825,2.0
1341.338,0.000610882,2.0
1341.908,0.000610906,2.0
1342.498,0.000610806,2.0
1343.038,0.000610924,2.0
1343.598,0.000610986,2.0
1344.158,0.000610845,2.0
1344.708,0.000610968,2.0
1345.278,0.000610963,2.0
1345.858,0.000610988,2.0
1346.428,0.000611209,2.0
1346.998,0.000611222,2.0
1347.538,0.000611199,2.0
1348.168,0.000611355,2.0
1348.718,0.000611421,2.0
1349.288,0.000611516,2.0
1349.838,0.000611622,2.0
1350.388,0.000611535,2.0
1350.948,0.000611571,2.0
1351.558,0.000611475,2.0
1352.128,0.000611467,2.0
1352.658,0.000611426,2.0
1353.238,0.000611572,2.0
1353.808,0.000611442,2.0
1354.368,0.000611377,2.0
1354.928,0.000611548,2.0
1355.488,0.000611484,2.0
1356.078,0.000611715,2.0
1356.628,0.000611664,2.0
1357.168,0.000611683,2.0
1357.737,0.000611725,2.0
1358.307,0.000611703,2.0
1358.877,0.000611767,2.0
1359.427,0.000612053,2.0
1359.997,0.000611892,2.0
1360.557,0.000612085,2.0
1361.137,0.000612038,2.0
1361.717,0.000612062,2.0
1362.267,0.000612074,2.0
1362.837,0.000612245,2.0
1363.447,0.000612276,2.0
1364.027,0.000612181,2.0
1364.597,0.000612203,2.0
1365.137,0.000612212,2.0
1365.677,0.000612174,2.0
1366.237,0.000612396,2.0
1366.807,0.000612311,2.0
1367.377,0.000612421,2.0
1367.927,0.000612186,2.0
1368.477,0.000612508,2.0
1369.047,0.000612313,2.0
1369.617,0.000612355,2.0
1370.167,0.000612277,2.0
1370.767,0.000612384,2.0
1371.327,0.000612303,2.0
1371.887,0.000612427,2.0
1372.447,0.00061236,2.0
1373.007,0.000612199,2.0
1373.597,0.00061228,2.0
1374.146,0.000612446,2.0
1374.706,0.000612497,2.0
1375.256,0.000612566,2.0
1375.846,0.000612539,2.0
1376.416,0.00061249,2.0
1376.996,0.000612453,2.0
1377.576,0.000612624,2.0
1378.136,0.000612512,2.0
1378.726,0.000612758,2.0
1379.276,0.000612731,2.0
1379.856,0.000612837,2.0
1380.416,0.00061263,2.0
1380.986,0.000612719,2.0
1381.556,0.000612813,2.0
1382.096,0.00061277,2.0
1382.656,0.000612645,2.0
1383.216,0.000612681,2.0
1383.776,0.00061282,2.0
1384.316,0.000612839,2.0
1384.866,0.000612907,2.0
1385.436,0.000613064,2.0
1385.986,0.000612787,2.0
1386.556,0.000613019,2.0
1387.136,0.000612912,2.0
1387.706,0.000613099,2.0
1388.276,0.000613065,2.0
1388.866,0.000612867,2.0
1389.466,0.000612984,2.0
1390.046,0.000612899,2.0
1390.605,0.000612798,2.0
1391.175,0.00061294,2.0
1391.725,0.000613052,2.0
1392.295,0.000613124,2.0
1392.846,0.000613236,2.0
1393.405,0.000613284,2.0
1394.025,0.000613285,2.0
1394.605,0.000613409,2.0
1395.175,0.000613265,2.0
1395.765,0.000613419,2.0
1396.425,0.000613276,2.0
1396.985,0.000613203,2.0
1397.555,0.000613285,2.0
1398.145,0.000613345,2.0
1398.705,0.000613283,2.0
1399.285,0.000613282,2.0
1399.865,0.00061324,2.0
1400.405,0.000613253,2.0
1400.985,0.000613354,2.0
1401.545,0.000613414,2.0
1402.135,0.000613469,2.0
1402.705,0.000613494,2.0
1403.265,0.00061362,2.0
1403.845,0.000613543,2.0
1404.415,0.000613469,2.0
1404.965,0.000613714,2.0
1405.525,0.00061348,2.0
1406.075,0.000613407,2.0
1406.635,0.000613598,2.0
1407.204,0.000613426,2.0
1407.794,0.000613322,2.0
1408.364,0.000613581,2.0
1408.964,0.00061342,2.0
1409.574,0.00061337,2.0
1410.114,0.000613602,2.0
1410.674,0.00061419,2.0

